cmd: ./sim testing/Architectures/SimpleCPU.md testing/C_Programs/matrix_good_debugcomm.dis
events: Ir
fl=/home/zupreme/Documents/University/TheMemoryHole/engine/assembly.c
fn=assembly_create
116 3
117 3
118 1
119 3
120 6
121 3
122 1
123 2
fn=assembly_delete
126 4
127 1601
129 2233
130 1276
132 1184
133 592
136 4
137 3
138 3
fn=assembly_find_empty
39 2444
40 3666
41 2534
43 4445
44 2540
45 1210
46 30
47 120
48 1
50 6
51 1222
fn=assembly_find_entry
24 1184
25 1776
26 4736
28 8288
29 7684
31 1184
32 4736
33 17
35 296
36 592
fn=assembly_grow_and_rehash
54 24
55 18
56 18
57 24
61 6
62 48
64 18
65 1266
67 2781
69 3708
70 618
79 4944
82 12
84 18
85 18
fn=assembly_set
88 1776
89 1776
90 592
92 1776
93 900
96 18
97 36
101 2072
102 1776
103 888
104 592
105 888
fl=/home/zupreme/Documents/University/TheMemoryHole/engine/cache.c
fn=add_operation_to_checksum
562 39456
563 118368
564 19728
fn=cache_new
479 22
480 6
481 6
482 6
483 6
484 6
485 26
487 30
488 30
489 20
491 4
492 4
494 18
495 52
496 128
497 108
498 300
502 2
503 12
fn=cache_rd_b
127 40
128 56
129 64
131 56
133 48
134 16
fn=cache_rd_instr
95 23690
96 14214
97 28428
106 9476
fn=cache_rd_w
109 26855
110 37597
111 42968
113 37597
115 26855
116 10742
fn=cache_wr_b
82 42
83 48
85 42
86 42
87 72
88 6
92 42
93 18
fn=cache_wr_w
52 3804
53 4438
55 4438
57 4438
58 7608
59 634
64 4438
65 1902
fn=cache_writeback_block
223 2835
225 2835
228 2835
230 810
235 5265
237 6480
240 2430
243 2835
245 1215
fn=cacheline_new
505 48
507 12
508 12
509 12
510 12
511 24
512 84
513 36
fn=change_dirtiness
548 37272
549 9318
550 18018
552 43836
554 74544
556 15264
557 32613
558 27954
559 13977
fn=change_validity
535 15336
536 3834
537 26838
541 30672
543 7668
544 13419
545 11502
546 5751
fn=evict_cache_line
292 3976
293 3976
294 7384
296 2272
297 1304
299 4050
301 1867
fn=fetch_line
143 45252
144 52794
146 37710
149 52794
152 15084
153 11502
154 13419
157 84375
159 73125
162 105588
163 15084
fn=get_address
449 65772
452 32886
456 16443
457 65772
458 16443
459 49329
462 65772
463 16443
464 65772
465 16443
466 49329
469 65772
470 16443
471 65772
472 16443
473 49329
475 32886
476 32886
fn=get_cache_checksum
566 23690
fn=get_cache_log
524 5
fn=get_line_index_from_tag
247 110640
248 88894
249 454929
251 2303
252 22128
fn=get_replacement_line_index
254 19170
255 26838
257 3834
258 45954
259 55368
260 48
261 24
266 7668
267 11430
269 3810
270 45770
271 50402
272 8392
273 41960
276 3810
284 7668
289 3834
290 7668
fn=handle_miss
165 23004
166 21087
169 11502
170 28755
171 7668
172 7620
173 6948
174 2702
176 7620
177 10224
178 3408
183 1917
185 1917
186 7668
188 12184
189 4569
194 16753
195 24368
197 4569
200 2364
202 3546
206 24921
209 13419
210 5751
211 3834
212 3834
213 13707
214 12184
215 22845
219 17253
220 5751
fn=increment_line_LRU
324 30168
325 90577
326 135975
328 30168
fn=invalidate_line
303 2316
304 2702
306 2702
307 772
322 1158
fn=parse_cpu
371 8
372 6
373 2
377 4
378 5
379 4
380 5
383 6
392 5
394 5
395 7
396 11
417 13
418 10
419 10
420 10
421 8
422 10
423 10
424 8
425 10
426 10
427 8
428 10
429 10
430 8
431 10
434 112
435 4
436 11
437 11
440 6
444 3
445 1
446 6
fn=start_cache_log
515 2
516 6
517 3
fn=stop_cache_log
520 2
521 3
522 3
fl=/home/zupreme/Documents/University/TheMemoryHole/engine/hashmap/hashmap.c
fn=SIP64
498 47550
522 218730
523 218730
524 14265
525 14265
526 14265
527 14265
528 28530
529 19020
535 14265
536 14265
537 47550
541 28530
542 28530
543 28530
544 23775
547 9510
548 209220
549 9510
550 4755
551 418440
552 23775
553 4755
554 228240
555 4755
556 23775
fn=bucket_at
85 41525
86 66440
87 16610
fn=bucket_at0
81 41525
82 41525
83 16610
fn=bucket_item
89 11706
90 7804
91 7804
fn=clamp_load_factor
67 8
69 8
70 6
71 8
73 4
fn=clip_hash
93 28530
94 19020
95 19020
fn=get_hash
97 23775
98 57060
99 9510
fn=hashmap_get
347 23690
348 52118
349 9476
fn=hashmap_get_with_hash
329 28428
330 18952
331 18952
332 3511
333 49494
334 34738
335 44268
336 15468
337 58005
338 7734
341 21066
343 9476
fn=hashmap_new
187 9
188 17
190 2
fn=hashmap_new_with_allocator
111 18
112 12
113 12
114 12
115 2
116 6
117 3
119 6
120 1
122 2
124 6
125 42
126 8
129 8
130 10
131 4
134 10
135 6
136 6
137 6
138 6
139 6
140 6
141 6
142 6
143 8
144 12
145 6
146 6
147 10
148 20
149 8
153 20
154 4
155 22
156 42
157 30
158 6
159 6
160 6
161 2
162 4
fn=hashmap_set
320 85
321 187
322 34
fn=hashmap_set_with_hash
272 102
273 68
274 34
275 102
276 18
282 51
283 187
284 34
285 68
286 119
289 153
290 13
291 180
292 120
293 119
294 85
295 34
297 52
298 117
305 78
306 40
307 35
308 40
309 20
311 78
312 65
314 34
fn=hashmap_sip
761 33285
762 28530
763 9510
fn=resize
263 5
264 5
265 2
fn=resize0
226 7
227 33
230 2
231 86
232 96
233 64
234 7
236 18
237 81
238 1
239 60
240 40
241 63
242 9
244 6
249 6
250 5
253 6
254 4
255 4
256 4
257 4
258 4
259 5
260 1
261 5
fl=/home/zupreme/Documents/University/TheMemoryHole/engine/main.c
fn=createInstructionHashmap
58 7
59 14
62 6
65 1
70 5
71 6
75 4
76 6
85 12573
88 17950
89 102
90 204
91 68
92 34
95 234
97 310
98 102
99 204
100 102
101 17
104 140
105 84
106 168
107 56
108 14
111 187
116 3
118 1
119 5
fn=main
122 5
123 2
124 6
126 3
127 2
128 5
129 7
130 2
131 1
132 3
133 1
134 2
142 9
143 2
144 9
145 2
146 2
148 7
149 10
150 2
158 2
165 8
167 2
168 3
169 3
173 1
175 2
fn=pass_args_to_program
28 6
29 1
30 1
31 11
32 28
33 4
34 2
36 2
55 1
56 2
fl=/home/zupreme/Documents/University/TheMemoryHole/engine/memory.c
fn=find_block
33 2364
34 2364
35 4334
36 3546
37 1182
38 1576
39 788
fn=get_page
25 103385
26 62031
27 124062
28 32
30 82708
31 41354
fn=memory_create
11 2
13 3
14 2
fn=memory_delete
16 4
17 196612
19 393216
20 24
22 3
23 3
fn=memory_wr_b
63 138768
64 118944
65 59472
66 118944
67 59472
fn=memory_wr_w
49 1776
50 1776
51 888
52 1776
53 888
fn=memory_write_back
41 1141
42 978
43 489
44 1467
45 489
fl=/home/zupreme/Documents/University/TheMemoryHole/engine/mmu.c
fn=close_accesses_file
12 2
13 3
14 3
fn=mmu_get_checksum
16 9476
17 9476
18 9476
fn=mmu_rd_b
105 40
107 48
108 8
109 16
fn=mmu_rd_instr
71 23690
73 18952
78 28428
79 4738
80 9476
fn=mmu_rd_w
82 3165
84 2532
89 3798
90 633
91 1266
fn=mmu_wr_b
66 42
68 36
69 18
fn=mmu_wr_b_instr
41 138768
43 118944
44 59472
fn=mmu_wr_w
46 3804
48 2536
53 3804
54 1902
fn=mmu_wr_w_instr
20 1776
23 1184
28 1776
29 888
fn=open_accesses_file
9 2
10 6
11 3
fl=/home/zupreme/Documents/University/TheMemoryHole/engine/read_exec.c
fn=count_hexes
42 8185
43 1637
44 27997
46 140364
48 600750
49 79296
51 2412
54 6175
55 3274
fn=is_hex
16 160200
17 160184
18 69928
19 19700
20 9368
21 402
22 80100
fn=read_exec
58 10
60 6
61 2
66 1
67 1
68 14617
71 9130
72 10956
73 7304
74 3652
77 1826
78 27390
79 3652
81 11459
83 3652
86 2490
87 86766
89 118944
90 198240
91 574896
92 158592
93 59472
96 9877
98 592
99 2072
100 592
103 592
105 208
107 540
109 1712
111 112
113 504
115 2368
118 2850
120 34
122 119
124 2
125 2
128 1826
129 3652
132 2
133 1
137 5
fn=to_hex
25 158592
26 158592
27 104892
28 18736
29 14052
33 79296
fn=to_hex2
36 158592
37 178416
38 59472
fl=/home/zupreme/Documents/University/TheMemoryHole/engine/simulate.c
fn=ExecuteInstruction
108 28428
109 122600
111 1911
112 637
114 4230
115 1410
117 3205
118 641
120 15
121 5
123 63
124 21
126 3200
127 640
129 3936
130 1312
132 156
133 52
135 27
136 9
138 33
139 11
144 4738
145 9476
fn=ProcessB
570 6560
572 5248
573 5248
574 5248
575 5248
576 6560
577 6560
578 6560
579 9184
584 26060
586 159
589 477
590 487
591 108
593 3762
596 11286
597 17296
598 3710
614 36
615 16
616 16
617 12
620 22
621 10
623 9
624 4
625 4
626 3
629 3
630 1
634 5248
fn=ProcessI_A
320 5640
322 5640
323 5640
324 5640
325 4230
326 1410
327 5640
328 4230
330 36660
332 7050
333 12690
334 12690
335 4230
338 2820
410 4230
fn=ProcessI_E
473 20
475 15
476 5
479 30
480 20
482 54
490 12
493 20
494 44
495 4
498 1
499 3
502 1
506 15
fn=ProcessI_J
509 84
511 84
512 84
513 84
514 63
515 21
517 42
518 189
519 84
520 63
523 147
524 84
525 21
529 84
fn=ProcessI_L
413 3205
415 2564
416 2564
417 2564
418 1923
420 641
421 641
422 641
424 6378
444 4431
445 5697
446 8862
447 1899
450 1266
452 56
453 72
454 112
455 24
458 16
470 1923
fn=ProcessJ
637 208
639 208
640 208
641 156
642 260
643 260
644 364
647 156
650 208
651 52
653 364
654 312
655 156
fn=ProcessR
148 3185
150 2548
151 2548
152 2548
153 2548
154 1911
156 16442
158 1262
159 3
162 9
163 13
164 1260
165 1890
168 5670
169 7560
179 631
231 6
234 6
235 27
236 9
237 9
238 18
241 15
242 15
243 9
246 27
251 3
264 6
270 6
277 6
278 27
279 9
280 9
281 18
284 15
285 15
286 9
289 24
294 3
317 2548
fn=ProcessS
532 3840
534 1920
535 640
536 2560
537 1920
538 2560
539 2560
540 2560
542 1304
544 54
545 84
546 18
549 6
558 1902
561 5706
562 8876
563 634
567 2560
fn=ProcessU_A
672 44
674 44
675 33
678 77
679 88
680 33
683 33
fn=ProcessU_L
658 36
660 36
661 27
664 63
665 45
666 27
669 27
fn=programLineMap_compare
707 19335
708 7734
709 7734
710 23202
711 7734
fn=programLineMap_hash
718 28530
719 9510
720 28530
721 9510
fn=rdReg
101 29036
102 50813
103 36295
104 14518
fn=simulate
38 11
39 3
40 6
42 2
43 3
44 1
45 4
46 2
50 14214
56 28428
57 33166
58 28428
60 28428
62 14214
63 28428
65 47380
66 9476
67 46404
70 42642
71 28428
75 9476
76 40084
77 4738
78 4738
80 14214
84 14214
91 2
92 5
fn=wrReg
95 13905
96 5624
97 19033
98 19033
99 5562
fl=/usr/src/debug/glibc/glibc/csu/../csu/libc-start.c
fn=__libc_start_main@@GLIBC_2.34
128 2
134 3
135 7
138 1
139 2
142 3
143 7
144 6
145 4
242 13
311 2
312 4
337 6
340 2
343 2
350 2
352 2
360 4
fl=/usr/src/debug/glibc/glibc/csu/../sysdeps/nptl/libc_start_call_main.h
fn=(below main)
29 6
44 5
46 2
51 2
52 2
55 2
58 5
74 2
fl=/usr/src/debug/glibc/glibc/csu/init-first.c
fn=_init_first
46 5
51 2
55 5
61 1
62 1
63 2
71 2
72 1
fl=/usr/src/debug/glibc/glibc/ctype/ctype-info.c
fn=__ctype_init
29 1
31 7
33 4
35 4
36 1
fl=/usr/src/debug/glibc/glibc/debug/../sysdeps/x86_64/multiarch/ifunc-memmove.h
fn=__memcpy_chk
56 3
57 2
60 3
61 2
74 2
77 2
85 2
93 2
96 5
fn=__memmove_chk
56 3
57 2
60 3
61 2
74 2
77 2
85 2
93 2
96 5
fn=__mempcpy_chk
56 3
57 2
60 3
61 2
74 2
77 2
85 2
93 2
96 5
fl=/usr/src/debug/glibc/glibc/debug/../sysdeps/x86_64/multiarch/ifunc-memset.h
fn=__memset_chk
52 1
53 2
61 5
64 3
65 2
80 2
84 4
92 2
100 2
fl=/usr/src/debug/glibc/glibc/debug/../sysdeps/x86_64/multiarch/memcpy_chk.c
fn=__memcpy_chk
29 1
fl=/usr/src/debug/glibc/glibc/debug/../sysdeps/x86_64/multiarch/memmove_chk.c
fn=__memmove_chk
29 1
fl=/usr/src/debug/glibc/glibc/debug/../sysdeps/x86_64/multiarch/mempcpy_chk.c
fn=__mempcpy_chk
29 1
fl=/usr/src/debug/glibc/glibc/debug/../sysdeps/x86_64/multiarch/memset_chk.c
fn=__memset_chk
29 2
fl=/usr/src/debug/glibc/glibc/elf/../bits/stdlib-bsearch.h
fn=intel_check_word.constprop.0
26 648
28 972
43 60
44 60
46 120
fl=/usr/src/debug/glibc/glibc/elf/../elf/dl-tls.c
fn=_dl_add_to_slotinfo
1156 5
1157 5
1165 1
1168 1
1169 1
1173 3
1209 2
1212 2
1213 3
1215 1
1218 1
1219 2
fn=_dl_allocate_tls_init
595 11
596 2
600 2
602 1
606 2
609 4
626 16
632 4
635 3
636 2
642 3
643 2
645 9
648 2
649 2
652 2
653 4
655 2
656 2
665 1
675 3
677 10
680 3
681 1
685 1
691 2
694 2
697 9
fn=_dl_allocate_tls_storage
91 1
97 1
509 6
515 2
517 2
527 1
529 2
530 2
535 5
fn=_dl_assign_tls_modid
153 3
156 3
209 1
211 1
214 1
215 2
fn=_dl_count_modids
220 1
222 2
223 1
238 2
fn=_dl_determine_tlsoffset
243 8
244 2
245 1
246 1
278 1
280 13
281 5
283 15
286 3
287 2
289 2
291 4
307 8
310 1
312 5
315 1
319 1
336 3
342 9
353 3
355 1
356 7
358 2
447 1
448 7
fn=_dl_tls_initial_modid_limit_setup
1117 1
1118 1
1121 7
1123 6
1124 4
1127 2
1130 1
1131 1
fn=_dl_tls_static_surplus_init
111 3
125 8
128 5
129 5
130 3
132 4
135 1
137 1
139 3
140 6
fn=allocate_dtv
452 5
457 1
461 2
462 1
463 2
472 3
478 4
fl=/usr/src/debug/glibc/glibc/elf/../include/list.h
fn=__tls_init_tp
43 2
44 2
45 1
47 1
fl=/usr/src/debug/glibc/glibc/elf/../include/rtld-malloc.h
fn=__minimal_calloc
56 10
fn=_dl_allocate_tls_storage
56 1
fn=_dl_check_map_versions
44 12
fn=_dl_find_object_init
56 1
fn=_dl_important_hwcaps
56 4
fn=_dl_init_paths
56 3
fn=_dl_map_object_deps
56 8
fn=_dl_new_object
44 12
56 9
fn=allocate_dtv
44 2
fn=init_tls
44 3
fl=/usr/src/debug/glibc/glibc/elf/../include/scratch_buffer.h
fn=_dl_map_object_deps
77 2
78 1
85 3
131 9
fl=/usr/src/debug/glibc/glibc/elf/../misc/sbrk.c
fn=sbrk
37 5
40 1
58 2
62 2
78 3
fl=/usr/src/debug/glibc/glibc/elf/../nptl/nptl-stack.h
fn=__libc_early_init
61 7
fl=/usr/src/debug/glibc/glibc/elf/../sysdeps/generic/_itoa.h
fn=_dl_check_map_versions
76 15
fl=/usr/src/debug/glibc/glibc/elf/../sysdeps/generic/dl-cache.h
fn=_dl_load_cache_lookup
194 1
195 5
fn=search_cache
125 2
fl=/usr/src/debug/glibc/glibc/elf/../sysdeps/generic/dl-call_tls_init_tp.h
fn=init_tls
31 8
33 1
fl=/usr/src/debug/glibc/glibc/elf/../sysdeps/generic/dl-debug.h
fn=dl_main
29 4
30 2
fl=/usr/src/debug/glibc/glibc/elf/../sysdeps/generic/dl-hash.h
fn=__rtld_malloc_init_real
43 5
44 2
45 19
48 18
62 24
67 1
72 1
fl=/usr/src/debug/glibc/glibc/elf/../sysdeps/generic/dl-new-hash.h
fn=_dl_lookup_symbol_x
69 154
70 308
74 1094
77 2188
80 1014
81 2028
87 74
88 74
89 148
90 74
99 940
101 940
102 1880
104 940
105 940
fl=/usr/src/debug/glibc/glibc/elf/../sysdeps/generic/dl-protected.h
fn=do_lookup_x
29 904
fl=/usr/src/debug/glibc/glibc/elf/../sysdeps/generic/ldsodefs.h
fn=_dl_new_object
1334 48
fn=_dl_relocate_object_no_relro
79 34
140 402
fn=_dl_start
79 6
fn=check_match
79 3
fn=dl_main
79 2
fn=do_lookup_x
139 288
140 432
fl=/usr/src/debug/glibc/glibc/elf/../sysdeps/nptl/dl-mutex.c
fn=__rtld_mutex_init
30 5
37 1
40 6
44 2
45 10
47 7
51 2
52 7
53 4
fl=/usr/src/debug/glibc/glibc/elf/../sysdeps/nptl/dl-tls_init_tp.c
fn=__tls_init_tp
69 4
70 1
73 1
76 4
77 2
78 1
83 2
88 4
91 1
94 3
110 4
112 1
118 2
119 2
fn=__tls_pre_init_tp
54 4
57 9
62 2
63 1
65 1
fn=rtld_mutex_dummy
43 10
45 20
fl=/usr/src/debug/glibc/glibc/elf/../sysdeps/nptl/pthread_early_init.h
fn=__libc_early_init
33 6
34 1
38 5
45 2
46 1
48 2
52 5
53 1
54 1
56 1
fl=/usr/src/debug/glibc/glibc/elf/../sysdeps/posix/dl-fileid.h
fn=_dl_map_object_from_fd
37 15
40 6
49 24
fl=/usr/src/debug/glibc/glibc/elf/../sysdeps/unix/sysv/linux/brk.c
fn=brk
36 1
37 1
38 2
44 1
45 1
fl=/usr/src/debug/glibc/glibc/elf/../sysdeps/unix/sysv/linux/brk_call.h
fn=brk
24 2
fl=/usr/src/debug/glibc/glibc/elf/../sysdeps/unix/sysv/linux/dl-extra_tls.h
fn=_dl_determine_tlsoffset
32 4
33 3
37 10
44 1
51 4
52 3
54 1
fl=/usr/src/debug/glibc/glibc/elf/../sysdeps/unix/sysv/linux/dl-osinfo.h
fn=dl_main
39 2
52 1
fl=/usr/src/debug/glibc/glibc/elf/../sysdeps/unix/sysv/linux/dl-parse_auxv.h
fn=_dl_sysdep_parse_arguments
33 2
34 1
35 1
42 92
43 44
44 44
46 1
47 2
48 2
49 2
50 2
51 2
52 2
53 2
54 3
55 4
57 4
65 5
67 6
fl=/usr/src/debug/glibc/glibc/elf/../sysdeps/unix/sysv/linux/dl-sysdep.c
fn=_dl_sysdep_parse_arguments
79 8
80 2
81 2
82 3
83 35
84 73
87 2
91 56
94 2
95 4
96 2
97 8
fn=_dl_sysdep_start
103 6
104 1
107 2
111 2
114 1
116 2
123 3
124 2
126 5
138 3
141 5
144 4
fn=_dl_sysdep_start_cleanup
148 1
149 1
fl=/usr/src/debug/glibc/glibc/elf/../sysdeps/unix/sysv/linux/dl-vdso-setup.h
fn=dl_main
30 1
33 1
36 1
39 1
45 1
54 1
fl=/usr/src/debug/glibc/glibc/elf/../sysdeps/unix/sysv/linux/dl-vdso.h
fn=dl_main
40 2
41 4
55 2
fl=/usr/src/debug/glibc/glibc/elf/../sysdeps/unix/sysv/linux/rseq-internal.h
fn=__tls_init_tp
93 4
100 3
108 4
112 5
116 2
118 5
119 2
124 1
fl=/usr/src/debug/glibc/glibc/elf/../sysdeps/unix/sysv/linux/x86/dl-hwcap2.h
fn=update_active.constprop.0
25 2
fl=/usr/src/debug/glibc/glibc/elf/../sysdeps/unix/sysv/linux/x86/dl-minsigstacksize.h
fn=get_common_indices.constprop.0
24 2
27 2
28 2
65 3
74 2
fl=/usr/src/debug/glibc/glibc/elf/../sysdeps/x86/cpu-features.c
fn=get_common_indices.constprop.0
431 3
435 4
438 5
442 1
443 4
444 4
445 4
446 3
447 2
454 2
456 7
461 7
468 2
469 7
475 2
490 3
fn=init_cpu_features.constprop.0
409 3
410 2
411 6
416 2
417 6
422 2
423 6
563 4
724 8
727 1
728 1
729 1
736 1
738 1
747 3
750 6
751 1
754 1
756 6
761 1
765 1
766 3
769 3
771 4
777 5
784 1
805 1
807 2
814 2
817 2
886 2
893 2
897 1
911 1
912 2
951 2
958 2
960 2
964 2
970 2
1118 3
1119 2
1122 2
1123 2
1126 4
1133 1
1134 1
1135 1
1136 1
1140 4
1143 4
1152 3
1156 1
1165 2
1166 3
1206 1
1207 2
1211 3
1228 3
1229 4
1232 2
1235 1
1238 2
1252 4
1254 4
1258 2
1261 4
1264 1
1267 1
1299 4
1306 8
fn=update_active.constprop.0
90 8
94 1
102 3
103 3
104 2
112 3
113 1
121 3
122 1
127 5
130 4
131 1
134 5
135 2
139 5
140 3
141 3
142 1
146 4
147 5
148 3
151 6
163 1
165 2
169 5
170 3
172 3
176 2
178 1
182 2
184 2
188 1
189 1
196 4
198 4
204 4
206 4
208 4
213 4
262 2
263 3
279 4
295 2
299 1
300 1
303 4
307 2
311 3
312 2
316 1
317 1
320 2
322 1
323 1
326 2
389 2
393 3
402 1
403 8
fl=/usr/src/debug/glibc/glibc/elf/../sysdeps/x86/dl-cacheinfo.h
fn=get_common_cache_info.constprop.0
613 11
628 1
631 1
632 1
638 1
640 10
643 2
655 1
660 4
664 2
669 1
672 19
678 8
679 8
682 26
687 2
691 3
692 1
696 2
700 3
703 4
704 1
709 4
715 4
723 8
725 3
727 8
729 7
732 2
733 8
735 4
738 2
743 1
745 9
746 3
747 1
750 2
753 2
757 2
760 1
762 4
763 2
768 2
773 2
774 1
775 3
776 2
777 2
801 3
812 4
813 5
817 2
824 1
825 1
826 1
827 7
fn=handle_intel.constprop.0
250 108
255 24
261 12
267 48
271 24
276 24
279 36
281 24
284 60
286 24
305 96
fn=init_cpu_features.constprop.0
850 2
852 4
853 4
854 1
857 3
859 3
860 2
862 3
864 3
866 3
868 3
870 3
871 1
873 3
875 3
877 3
879 6
953 2
954 2
955 2
956 2
957 2
958 1
959 1
960 1
961 1
962 2
963 1
964 1
969 3
983 3
984 7
989 2
990 7
991 2
999 6
1000 2
1020 6
1029 2
1030 2
1035 3
1038 1
1039 2
1049 3
1055 2
1062 5
1064 2
1067 5
1069 1
1075 4
1079 5
1080 3
1084 5
1085 3
1089 5
1090 1
1096 6
1098 3
1122 12
1128 2
1131 10
1133 9
1134 10
1135 13
1138 12
1146 1
1147 7
1148 2
1149 2
1150 2
1151 2
1152 1
fn=intel_check_word.constprop.0
110 648
113 588
119 168
123 48
125 12
129 168
131 96
133 60
135 120
143 120
152 24
155 99
158 99
162 64
164 192
165 24
167 104
168 96
169 84
170 72
172 11
174 22
176 12
177 16
178 12
179 20
180 14
181 9
183 8
184 12
187 21
190 2
194 192
202 144
209 24
216 168
246 144
fl=/usr/src/debug/glibc/glibc/elf/../sysdeps/x86/dl-get-cpu-features.c
fn=__x86_cpu_features
39 3
76 3
fn=_dl_x86_init_cpu_features
37 1
39 3
41 1
fl=/usr/src/debug/glibc/glibc/elf/../sysdeps/x86/dl-prop.h
fn=_dl_map_object_from_fd
149 16
fn=_dl_process_pt_gnu_property
95 28
97 2
102 12
115 12
118 6
252 6
253 3
254 6
255 3
257 24
258 3
260 6
fn=dl_main
36 2
37 14
40 5
49 28
53 25
71 3
149 6
fl=/usr/src/debug/glibc/glibc/elf/../sysdeps/x86/get-isa-level.h
fn=_dl_hwcaps_subdirs_active
31 4
32 3
39 5
40 4
48 3
51 4
54 2
fn=update_active.constprop.0
28 1
30 1
31 3
32 3
39 5
40 3
47 1
48 3
51 4
54 2
63 5
fl=/usr/src/debug/glibc/glibc/elf/../sysdeps/x86_64/dl-cet.c
fn=_dl_cet_check
361 1
362 1
fn=_dl_cet_setup_features
331 1
334 2
350 1
fn=dl_cet_check
269 4
275 2
276 1
277 2
282 4
283 3
285 1
288 2
293 2
318 2
fl=/usr/src/debug/glibc/glibc/elf/../sysdeps/x86_64/dl-hwcaps-subdirs.c
fn=_dl_hwcaps_subdirs_active
29 1
38 2
43 1
51 5
52 2
fl=/usr/src/debug/glibc/glibc/elf/../sysdeps/x86_64/dl-irel.h
fn=_dl_fixup
32 5
fl=/usr/src/debug/glibc/glibc/elf/../sysdeps/x86_64/dl-machine.h
fn=_dl_fixup
223 23
fn=_dl_relocate_object_no_relro
78 8
84 4
88 3
94 1
103 2
126 2
262 298
269 298
273 298
282 1784
285 124
286 852
287 6
290 6
291 9
302 6
309 12
312 894
395 51
397 68
401 51
410 34
418 266
431 24
465 15
471 148
472 148
473 74
474 74
493 9
498 6
499 12
509 58
513 58
516 87
517 29
725 30
729 8
fn=_dl_start
55 1
273 3
282 10
286 4
309 1
312 4
fn=_dl_sysdep_start
209 1
fl=/usr/src/debug/glibc/glibc/elf/../sysdeps/x86_64/dl-runtime.h
fn=_dl_fixup
28 23
fl=/usr/src/debug/glibc/glibc/elf/../sysdeps/x86_64/dl-trampoline.h
fn=_dl_runtime_resolve_xsave
39 23
44 23
47 23
49 23
59 23
65 23
66 23
67 23
68 23
69 23
70 23
71 23
75 23
76 23
79 23
80 23
82 23
83 23
84 23
85 23
86 23
87 23
89 23
96 23
97 23
98 23
99 23
104 23
105 23
106 23
108 23
109 23
110 23
111 23
112 23
113 23
114 23
116 23
118 23
122 23
124 23
fl=/usr/src/debug/glibc/glibc/elf/./dl-find_object.h
fn=_dl_find_object_from_map
95 10
96 10
97 5
103 20
104 154
105 106
107 15
112 5
fl=/usr/src/debug/glibc/glibc/elf/./dl-hwcaps.h
fn=_dl_important_hwcaps
43 11
45 5
46 1
77 5
78 8
79 3
fn=copy_hwcaps
43 2
45 2
77 2
78 2
79 6
fl=/usr/src/debug/glibc/glibc/elf/./dl-load.h
fn=_dl_map_object_from_fd
91 24
92 10
93 12
94 6
96 8
fl=/usr/src/debug/glibc/glibc/elf/./dl-main.h
fn=dl_main
109 5
fl=/usr/src/debug/glibc/glibc/elf/./dl-map-segments.h
fn=_dl_map_object_from_fd
28 9
29 27
81 3
101 3
102 6
105 9
106 6
108 6
125 3
135 48
137 36
139 72
140 9
149 48
155 6
156 3
157 9
158 6
160 9
165 6
168 9
176 21
182 6
186 8
189 2
194 12
fl=/usr/src/debug/glibc/glibc/elf/./dl-sym-post.h
fn=lookup_malloc_symbol
41 8
53 12
fl=/usr/src/debug/glibc/glibc/elf/./dl-tls_block_align.h
fn=_dl_allocate_tls_storage
23 1
41 2
47 5
48 1
52 305
fl=/usr/src/debug/glibc/glibc/elf/./get-dynamic-info.h
fn=_dl_start
45 72
49 34
51 10
52 5
54 20
55 16
56 5
59 4
62 4
64 4
68 19
72 3
84 3
85 3
86 4
87 4
88 5
89 3
90 4
91 4
103 10
110 3
123 3
129 3
130 3
133 2
134 3
139 5
142 5
fn=dl_main
39 4
43 1
45 107
49 52
51 12
52 6
54 24
55 20
56 5
59 4
62 4
64 4
68 26
72 7
84 3
85 5
86 5
87 5
88 4
89 5
90 5
91 5
103 9
110 3
115 2
122 3
123 4
129 3
147 4
162 4
164 3
165 2
174 2
175 3
180 2
184 3
fl=/usr/src/debug/glibc/glibc/elf/./setup-vdso.h
fn=dl_main
24 2
fl=/usr/src/debug/glibc/glibc/elf/dl-audit.c
fn=_dl_audit_activity_map
29 1
31 3
37 1
fn=_dl_audit_activity_nsid
41 3
45 12
47 9
51 3
fn=_dl_audit_objclose
97 5
98 20
fn=_dl_audit_objopen
77 3
78 12
fn=_dl_audit_preinit
118 1
119 4
fl=/usr/src/debug/glibc/glibc/elf/dl-cache.c
fn=_dl_cache_libcmp
341 22
342 342
344 333
346 228
352 6
353 9
354 12
356 12
358 6
364 216
366 216
367 38
370 89
371 89
374 9
fn=_dl_load_cache_lookup
387 12
389 4
392 6
395 6
403 6
404 8
407 6
408 1
415 1
416 2
461 3
466 6
469 12
484 4
488 4
496 6
497 30
498 8
499 2
500 6
fn=_dl_unload_cache
509 3
510 4
512 2
513 1
517 1
519 2
fn=search_cache
187 38
199 26
200 2
207 38
209 113
210 46
214 38
215 4
218 57
219 38
227 16
229 3
232 6
234 18
236 9
246 4
256 6
257 8
264 4
273 28
282 4
287 4
314 2
330 17
331 10
333 7
337 18
fl=/usr/src/debug/glibc/glibc/elf/dl-call-libc-early-init.c
fn=_dl_call_libc_early_init
27 6
29 2
33 7
37 3
39 4
40 2
41 2
fl=/usr/src/debug/glibc/glibc/elf/dl-call_fini.c
fn=_dl_call_fini
24 40
28 10
32 5
34 5
35 10
38 15
39 6
42 18
43 4
47 5
48 10
49 9
50 27
fl=/usr/src/debug/glibc/glibc/elf/dl-catch.c
fn=_dl_catch_error
258 10
260 5
261 2
262 2
263 2
265 7
fn=_dl_catch_exception
58 18
59 12
69 12
70 30
208 48
211 12
218 6
232 30
239 36
241 18
243 24
252 18
fn=_dl_receive_error
58 2
59 1
69 2
70 2
190 5
192 1
196 1
198 2
201 1
202 4
fl=/usr/src/debug/glibc/glibc/elf/dl-debug.c
fn=_dl_debug_initialize
56 1
57 1
59 2
61 2
63 3
64 1
85 3
90 3
91 2
92 1
95 3
96 6
99 2
107 2
fn=_dl_debug_state
116 2
117 2
fn=_dl_debug_update
38 4
40 8
41 4
44 8
48 4
fl=/usr/src/debug/glibc/glibc/elf/dl-deps.c
fn=_dl_map_object_deps
128 2
129 5
130 6
132 3
136 8
143 14
144 20
160 9
161 1
164 2
182 1
183 6
184 1
188 11
190 2
193 5
197 15
198 32
201 9
205 6
208 18
210 12
215 3
216 3
217 3
218 6
219 3
221 355
222 164
228 59
230 5
232 50
233 10
242 5
244 10
249 21
252 3
253 3
254 3
255 6
256 3
257 3
259 12
263 15
264 9
266 231
409 1
417 10
419 12
422 9
423 9
429 3
430 9
431 18
434 3
435 3
439 15
441 5
442 22
448 5
449 1
452 4
463 6
465 5
470 5
471 1
472 1
474 21
478 15
484 10
485 10
490 5
495 3
532 2
533 2
536 1
547 7
548 1
552 9
553 5
557 1
559 2
560 1
561 3
568 3
571 2
574 8
fn=openaux
61 30
64 55
65 5
68 5
69 15
fl=/usr/src/debug/glibc/glibc/elf/dl-environ.c
fn=_dl_next_ld_env_entry
28 2
29 2
32 109
34 70
35 8
37 1
40 2
42 1
45 34
fl=/usr/src/debug/glibc/glibc/elf/dl-execstack-tunable.c
fn=_dl_handle_execstack_tunable
24 4
25 9
39 2
fl=/usr/src/debug/glibc/glibc/elf/dl-find_object.c
fn=_dl_find_object_init
562 6
565 1
567 2
568 3
580 2
581 3
583 2
586 3
591 1
592 1
595 4
597 1
600 6
602 1
605 5
fn=_dlfo_process_initial
475 10
476 2
478 2
479 4
505 26
506 26
507 10
509 36
512 32
514 24
516 12
517 8
518 16
530 2
532 12
fn=_dlfo_sort_mappings
537 3
538 2
541 13
545 6
546 39
547 24
549 12
554 18
555 12
556 6
558 1
fl=/usr/src/debug/glibc/glibc/elf/dl-fini.c
fn=_dl_fini
26 11
43 1
46 13
49 2
51 1
54 2
56 5
61 1
63 4
68 17
72 1
74 19
76 10
78 10
80 10
81 5
82 5
86 5
93 6
94 6
100 7
109 2
114 22
116 5
118 10
120 25
123 30
128 5
131 2
135 5
141 6
143 1
147 2
154 8
fl=/usr/src/debug/glibc/glibc/elf/dl-hwcaps.c
fn=_dl_important_hwcaps
52 16
54 2
55 4
57 4
100 5
102 3
105 1
112 4
125 12
127 10
128 4
129 4
130 2
133 4
142 11
143 11
145 10
151 4
155 5
156 2
157 3
161 1
162 2
163 3
172 15
174 2
175 2
185 4
186 2
189 4
193 2
194 2
202 4
203 7
204 6
208 2
209 1
216 9
fn=copy_hwcaps
74 16
77 16
79 2
80 16
84 2
85 2
86 6
87 4
88 4
90 14
fl=/usr/src/debug/glibc/glibc/elf/dl-hwcaps_split.c
fn=_dl_hwcaps_contains
66 6
67 12
68 6
77 6
fn=_dl_hwcaps_split
25 75
26 45
27 6
30 24
34 84
35 12
36 24
41 27
42 18
43 15
45 27
46 9
47 33
fn=_dl_hwcaps_split_masked
51 66
54 56
56 9
57 27
58 54
62 33
fl=/usr/src/debug/glibc/glibc/elf/dl-init.c
fn=_dl_init
81 13
82 1
83 1
86 3
88 1
89 3
94 2
105 1
119 1
120 20
121 30
127 8
fn=call_init
27 72
29 12
35 30
37 12
43 15
46 15
47 2
51 8
59 12
60 12
63 4
64 8
70 9
72 20
73 21
74 20
76 48
fl=/usr/src/debug/glibc/glibc/elf/dl-load.c
fn=_dl_dst_count
228 30
231 12
234 12
235 6
254 30
fn=_dl_init_paths
680 11
694 4
699 1
701 2
709 1
713 8
715 4
721 1
722 1
730 1
732 3
735 2
736 1
741 3
742 4
744 1
750 1
751 1
756 1
759 3
761 4
763 3
780 1
782 3
796 2
799 2
830 1
831 7
fn=_dl_map_object
1895 72
1897 3
1903 12
1904 24
1907 123
1912 126
1914 90
1918 30
1919 45
1922 30
1923 18
1924 30
1938 12
1945 3
1950 9
1964 21
1968 8
1970 6
1977 8
1981 2
1986 8
1987 14
1989 22
1996 10
2001 4
2002 14
2003 24
2012 4
2027 4
2034 4
2035 18
2043 4
2045 6
2049 8
2051 6
2055 4
2063 4
2086 22
2090 6
2091 2
2108 4
2114 2
2115 4
2116 2
2117 3
2121 11
2124 3
2136 9
2181 6
2182 55
2184 63
fn=_dl_map_object_from_fd
949 42
964 12
994 57
995 18
1013 6
1043 12
1053 6
1060 24
1061 6
1072 9
1073 18
1074 6
1076 3
1077 12
1078 4
1081 16
1082 6
1093 3
1095 3
1097 60
1098 3
1099 3
1100 3
1101 3
1107 132
1108 329
1114 6
1121 7
1122 9
1123 30
1128 2
1129 1
1134 78
1142 36
1143 54
1144 72
1145 12
1146 24
1148 84
1150 24
1163 51
1169 12
1170 117
1183 3
1187 1
1188 2
1192 5
1193 2
1196 1
1201 4
1216 6
1217 3
1220 9
1225 9
1235 51
1236 24
1242 6
1252 12
1259 21
1275 12
1276 9
1282 6
1283 6
1285 15
1295 9
1314 6
1316 15
1336 9
1337 2
1343 97
1344 174
1350 50
1355 12
1368 6
1370 12
1372 6
1388 6
1392 6
1393 6
1410 6
1411 1
1414 6
1419 6
1424 6
1436 24
1437 9
1438 18
1439 6
1440 5
1446 6
1447 4
1452 2
1459 9
1462 6
1465 15
1468 27
fn=_dl_notify_new_object
908 27
910 9
911 9
929 6
933 21
934 9
936 15
fn=_dl_process_pt_gnu_property
842 4
843 12
844 4
850 8
856 20
859 12
860 8
861 8
864 12
865 12
869 4
870 8
874 14
875 7
878 14
881 7
882 21
888 2
892 9
894 12
904 1
fn=cache_rpath
655 12
656 18
657 6
673 12
fn=expand_dynamic_string_token
375 7
385 2
388 2
389 2
400 4
fn=open_verify.constprop.0
1521 36
1553 9
1572 15
1574 6
1582 3
1583 6
1588 12
1589 6
1590 6
1592 9
1594 6
1600 6
1615 45
1677 6
1682 6
1688 12
1694 6
1700 6
1701 12
1705 15
1706 5
1727 27
fl=/usr/src/debug/glibc/glibc/elf/dl-lookup-direct.c
fn=_dl_lookup_direct
74 39
75 3
76 6
78 18
79 6
81 12
84 25
86 9
87 18
90 6
93 6
115 3
116 27
fn=check_match
31 30
32 12
33 9
35 6
36 6
40 9
48 9
51 9
53 15
57 6
58 15
59 9
64 27
fl=/usr/src/debug/glibc/glibc/elf/dl-lookup.c
fn=_dl_lookup_symbol_x
759 2310
761 308
763 1386
765 154
769 592
771 166
772 308
774 30
778 1128
779 3542
784 308
786 70
803 308
804 30
807 144
808 996
843 1296
857 432
858 2
860 288
879 1386
fn=check_match
70 1240
73 1240
78 19
86 882
89 1041
93 294
94 294
98 290
102 290
103 1305
104 1562
106 12
131 4
133 12
134 8
149 930
fn=do_lookup_x
334 2464
335 154
341 154
345 1926
348 1284
352 1284
373 1284
377 1284
383 1926
387 642
388 642
391 3210
392 1926
395 642
396 1284
398 642
399 1284
400 642
403 2568
406 4494
409 322
410 483
411 322
413 316
416 1755
418 465
419 3905
420 310
423 1473
426 621
435 84
457 28
463 288
470 1092
474 45
486 288
487 144
488 144
505 1494
508 10
509 1232
fl=/usr/src/debug/glibc/glibc/elf/dl-minimal-malloc.c
fn=__minimal_calloc
80 50
84 10
87 10
88 30
fn=__minimal_malloc
36 38
37 78
42 3
43 2
44 2
48 103
51 174
56 8
57 8
59 2
60 14
62 4
64 10
65 8
67 4
70 26
71 28
73 34
fl=/usr/src/debug/glibc/glibc/elf/dl-minimal.c
fn=__rtld_malloc_init_real
76 10
86 2
87 1
89 1
91 5
92 5
93 5
94 4
99 1
100 1
101 1
102 1
103 8
fn=__rtld_malloc_init_stubs
42 1
43 2
44 2
45 2
46 2
47 1
fn=lookup_malloc_symbol
61 24
63 4
64 36
68 28
69 24
71 4
72 16
fl=/usr/src/debug/glibc/glibc/elf/dl-misc.c
fn=_dl_name_match_p
68 273
69 156
70 47
72 39
74 156
75 235
78 39
80 31
81 156
fn=_dl_sysdep_read_whole_file
36 8
39 3
40 3
42 7
44 2
47 2
49 9
60 4
63 6
fl=/usr/src/debug/glibc/glibc/elf/dl-object.c
fn=_dl_add_to_namespace_list
31 28
33 8
35 31
38 36
40 3
42 3
45 2
46 12
47 8
48 8
50 8
51 12
fn=_dl_new_object
59 60
62 8
64 2
66 3
67 2
71 6
77 2
80 3
83 19
87 6
92 3
95 8
98 4
99 4
100 8
103 8
104 28
106 4
119 18
123 3
125 1
127 28
130 8
131 8
132 4
136 4
139 80
141 16
149 8
150 4
153 1
155 24
157 12
160 10
164 12
168 21
176 1
179 8
189 16
191 12
195 9
199 6
200 6
208 3
212 3
245 12
250 106
251 106
255 6
256 3
259 3
263 36
fl=/usr/src/debug/glibc/glibc/elf/dl-reloc.c
fn=_dl_protect_relro
352 30
353 15
356 30
359 10
363 10
364 35
370 15
fn=_dl_relocate_object
343 18
344 14
346 8
347 8
348 4
fn=_dl_relocate_object_no_relro
170 892
171 268
174 1405
175 91
177 7
178 21
182 254
183 127
184 127
186 1022
187 605
188 242
190 909
193 127
194 889
196 7
207 65
217 4
220 10
223 10
226 15
246 15
247 10
248 6
250 10
257 15
296 10947
298 20
321 5
324 10
338 40
fl=/usr/src/debug/glibc/glibc/elf/dl-runtime.c
fn=_dl_fixup
46 230
48 184
49 69
54 23
55 92
56 161
58 23
63 46
67 46
69 115
71 69
75 69
76 92
84 23
85 69
95 230
99 115
109 230
123 5
124 92
125 15
133 69
159 69
162 46
163 184
fl=/usr/src/debug/glibc/glibc/elf/dl-setup_hash.c
fn=_dl_setup_hash
25 5
28 15
31 15
32 10
33 5
34 5
36 15
37 5
38 15
40 5
41 10
43 5
45 20
50 5
fl=/usr/src/debug/glibc/glibc/elf/dl-sort-maps.c
fn=_dl_sort_maps
140 60
181 2
182 2
183 40
184 20
211 32
216 4
218 2
219 20
221 30
223 10
226 30
244 14
263 8
276 8
283 2
298 26
306 6
310 16
fn=_dl_sort_maps_init
289 4
290 4
291 1
292 3
293 2
fn=dfs_traversal.part.0
135 50
140 34
143 10
145 30
147 96
156 35
171 30
172 10
173 20
fl=/usr/src/debug/glibc/glibc/elf/dl-tunables.c
fn=__GI___tunable_set_val
162 6
163 24
165 6
fn=__GI___tunables_init
43 180
46 35
49 2212
53 70
57 175
294 11
300 3
304 31
306 2
317 980
319 945
320 945
322 945
340 6
343 27
346 27
355 8
fn=__tunable_get_val
438 80
441 354
450 55
451 18
460 28
467 120
469 40
fn=do_tunable_update_val
70 12
73 30
83 6
94 24
95 30
99 12
101 24
105 6
112 12
113 12
116 6
117 6
118 6
119 12
fl=/usr/src/debug/glibc/glibc/elf/dl-tunables.h
fn=__GI___tunables_init
160 612
161 1528
165 105
fl=/usr/src/debug/glibc/glibc/elf/dl-version.c
fn=_dl_check_all_versions
392 7
394 2
396 20
397 5
398 30
401 7
fn=_dl_check_map_versions
36 72
37 16
38 110
56 84
64 42
70 63
86 21
87 42
89 21
94 789
108 684
110 21
113 189
120 963
124 321
155 45
156 20
164 8
170 15
172 15
174 20
175 5
177 10
180 9
184 6
198 2
200 10
208 15
213 15
215 16
217 84
218 161
221 42
224 42
225 5
228 12
231 84
234 63
239 16
243 15
248 2
257 20
260 6
263 281
266 213
270 65
274 12
279 4
280 16
281 12
291 4
294 22
296 8
299 15
301 2
303 15
306 63
308 84
310 84
311 42
312 63
313 63
316 63
321 16
324 15
329 2
334 8
337 6
341 65
343 136
347 65
348 260
349 195
350 65
353 204
357 65
365 6
366 6
367 6
368 4
370 4
372 120
373 58
375 2
376 5
387 45
fl=/usr/src/debug/glibc/glibc/elf/do-rel.h
fn=_dl_relocate_object_no_relro
48 10
49 30
50 50
51 5
53 50
73 6
80 30
83 97
85 116
96 2
97 2
105 27
114 29
117 36
120 35
122 665
124 1085
125 868
126 572
127 572
129 651
132 296
133 74
134 74
141 446
155 24
156 255
157 222
160 222
162 296
163 74
164 74
171 22
173 42
174 12
176 18
184 6
187 18
202 6
fn=_dl_start
48 2
49 6
50 8
51 1
53 10
56 4
61 8
63 2
64 2
65 1
fl=/usr/src/debug/glibc/glibc/elf/get-dynamic-info.h
fn=_dl_map_object_from_fd
39 6
43 3
45 309
49 150
51 38
52 19
53 3
54 64
55 52
56 15
59 12
62 12
64 12
68 75
72 12
84 9
85 10
86 12
87 12
88 12
89 10
90 11
91 12
103 24
110 9
115 2
122 2
123 9
129 9
130 9
147 9
152 6
154 6
156 6
158 6
159 3
162 9
164 9
165 6
174 6
175 9
180 6
181 6
184 6
fl=/usr/src/debug/glibc/glibc/elf/libc_early_init.c
fn=__libc_early_init
34 8
36 1
39 2
42 2
47 2
50 4
52 2
fl=/usr/src/debug/glibc/glibc/elf/rtld.c
fn=_dl_start
85 8
457 1
461 2
478 2
479 2
480 2
490 1
496 4
498 2
519 10
545 1
548 2
549 1
565 216
567 5
585 9
fn=dl_main
85 20
92 15
93 2
101 9
197 2
199 1
224 4
225 5
226 4
296 3
302 1
303 1
820 1
822 1
831 1
833 1
838 1
1098 1
1099 1
1101 1
1105 3
1107 1
1108 1
1123 1
1126 56
1127 130
1131 3
1136 3
1137 9
1146 1
1147 2
1149 2
1151 1
1159 8
1160 24
1161 8
1162 1
1164 12
1165 14
1169 8
1170 8
1171 4
1175 8
1203 2
1207 3
1213 31
1214 64
1220 18
1226 4
1229 3
1231 2
1306 13
1311 1
1312 1
1318 1
1328 3
1329 4
1596 9
1598 2
1599 3
1600 2
1601 3
1605 2
1606 2
1631 1
1635 3
1636 6
1637 3
1638 3
1641 1
1643 1
1644 1
1646 2
1647 2
1651 2
1653 2
1661 4
1668 2
1671 2
1696 4
1698 1
1703 2
1706 4
1707 4
1708 3
1709 1
1710 1
1711 1
1722 2
1723 2
1725 2
1727 2
1728 2
1733 6
1734 2
1736 3
1742 2
1751 2
1755 1
1756 2
1780 2
1786 2
1787 1
1788 1
1792 3
1797 2
1799 1
1801 2
1805 5
1810 2
1826 5
1902 3
1906 19
1907 1
1910 3
1911 1
1912 2
1913 2
1918 3
1928 9
1934 23
1935 10
1938 3
1939 2
1940 1
1942 18
1943 12
1950 4
1951 3
1953 2
1955 2
1957 3
1971 8
1972 2
1973 3
1983 1
1984 4
1985 5
1995 1
1996 2
1997 4
1999 2
2004 3
2203 3
2207 2
2213 2
2216 2
2224 2
2228 3
2231 1
2236 2
2240 7
2241 1
2249 2
2250 26
2252 10
2257 10
2259 12
2261 1
2262 1
2265 5
2267 40
2271 12
2272 3
2279 1
2285 2
2289 4
2291 1
2298 3
2301 2
2305 3
2308 1
2313 2
2317 6
2320 1
2321 2
2325 2
2330 3
2337 1
2341 3
2342 1
2343 1
2344 1
2347 3
2351 1
2356 8
2488 1
2559 1
2561 1
2563 10
2565 1
2567 42
2568 7
2576 8
2601 2
2611 4
2613 2
2614 1
2688 5
2711 4
fn=do_preload
787 8
789 1
793 1
794 1
795 1
797 1
799 6
800 3
808 3
814 6
fn=handle_preload_list
183 3
852 11
853 2
857 7
860 4
861 3
863 4
864 2
870 1
872 2
874 2
875 5
878 9
fn=init_tls
734 4
736 2
740 2
746 2
749 1
750 1
751 1
756 1
759 2
762 1
769 2
770 2
776 2
780 1
783 5
fn=map_doit
641 6
643 4
644 6
646 3
fn=version_check_doit
674 6
676 6
680 3
fl=/usr/src/debug/glibc/glibc/io/../sysdeps/unix/sysv/linux/access.c
fn=access
25 1
27 7
31 1
fl=/usr/src/debug/glibc/glibc/io/../sysdeps/unix/sysv/linux/close_nocancel.c
fn=__GI___close_nocancel
25 4
26 16
27 4
fn=__close_nocancel
25 4
26 16
27 4
fl=/usr/src/debug/glibc/glibc/io/../sysdeps/unix/sysv/linux/fstat64.c
fn=fstat
30 9
39 36
72 9
fl=/usr/src/debug/glibc/glibc/io/../sysdeps/unix/sysv/linux/lseek64.c
fn=lseek
28 2
40 8
42 2
fl=/usr/src/debug/glibc/glibc/io/../sysdeps/unix/sysv/linux/open64.c
fn=open
30 45
33 25
36 10
38 2
41 42
43 25
fl=/usr/src/debug/glibc/glibc/io/../sysdeps/unix/sysv/linux/open64_nocancel.c
fn=__open_nocancel
28 20
31 28
39 28
41 8
fl=/usr/src/debug/glibc/glibc/io/../sysdeps/unix/sysv/linux/pread64_nocancel.c
fn=__pread64_nocancel
25 4
26 8
27 2
fl=/usr/src/debug/glibc/glibc/io/../sysdeps/unix/sysv/linux/read.c
fn=read
25 159
26 371
27 106
fl=/usr/src/debug/glibc/glibc/io/../sysdeps/unix/sysv/linux/read_nocancel.c
fn=__read_nocancel
25 3
26 12
27 3
fl=/usr/src/debug/glibc/glibc/io/../sysdeps/unix/sysv/linux/write.c
fn=write
25 444
26 1036
27 296
fl=/usr/src/debug/glibc/glibc/libio/../include/printf_buffer.h
fn=__vsprintf_internal
124 296
126 296
127 296
128 296
fl=/usr/src/debug/glibc/glibc/libio/../include/sys/sysmacros.h
fn=_IO_file_doallocate
47 6
fl=/usr/src/debug/glibc/glibc/libio/../libio/libioP.h
fn=_IO_seekoff_unlocked
1036 3
1037 2
fl=/usr/src/debug/glibc/glibc/libio/../string/bits/string_fortified.h
fn=_IO_getline_info
29 14832
fl=/usr/src/debug/glibc/glibc/libio/filedoalloc.c
fn=_IO_file_doallocate
78 45
84 45
86 20
89 2
91 2
94 1
97 21
101 10
102 10
104 25
105 5
106 40
fl=/usr/src/debug/glibc/glibc/libio/fileops.c
fn=_IO_do_write@@GLIBC_2.2.5
425 593
427 1187
428 297
fn=_IO_file_close
1166 4
1169 8
fn=_IO_file_close_it@@GLIBC_2.2.5
129 28
131 12
134 12
135 8
136 9
138 4
140 8
142 4
143 24
146 12
154 20
155 16
158 8
159 4
160 4
161 4
163 8
164 28
fn=_IO_file_finish@@GLIBC_2.2.5
169 4
170 8
176 8
fn=_IO_file_fopen@@GLIBC_2.2.5
214 65
215 6
223 10
225 30
228 3
229 3
237 1
238 6
239 1
246 5
248 65
282 35
285 10
288 15
289 10
358 60
fn=_IO_file_open
183 55
185 10
186 10
189 10
190 10
192 5
193 30
196 15
199 6
200 2
206 10
207 5
208 25
fn=_IO_file_overflow@@GLIBC_2.2.5
733 906
734 453
741 751
744 4
746 4
747 14
756 6
765 6
767 2
768 2
769 2
770 6
772 6
773 10
774 1
776 302
777 48
778 245
779 206
780 891
782 606
783 309
784 412
785 3
786 3
788 103
789 405
fn=_IO_file_read
1132 53
1134 53
1135 159
fn=_IO_file_seek
1141 2
1142 4
fn=_IO_file_seekoff@@GLIBC_2.2.5
850 4
902 12
910 2
916 8
919 4
931 2
944 2
948 3
950 3
1037 1
1038 2
1040 2
1041 1
1042 4
1056 11
fn=_IO_file_setbuf@@GLIBC_2.2.5
383 12
384 6
387 2
389 6
391 4
392 6
fn=_IO_file_stat
1148 5
1149 10
fn=_IO_file_sync@@GLIBC_2.2.5
794 12
799 8
801 2
802 4
813 4
817 6
fn=_IO_file_underflow@@GLIBC_2.2.5
463 424
467 159
468 3
470 106
476 159
479 106
482 9
487 6
491 112
500 53
507 106
513 159
514 53
515 106
516 53
518 265
520 106
523 21
527 50
533 3
536 150
537 2
538 100
539 318
fn=_IO_file_write@@GLIBC_2.2.5
1175 1184
1176 296
1177 888
1181 444
1182 444
1183 296
1188 148
1189 148
1191 444
1192 444
1195 888
fn=_IO_file_xsputn@@GLIBC_2.2.5
1199 193590
1201 8
1205 38718
1206 19359
1212 77436
1214 19361
1215 2
1218 3
1220 3
1222 1
1229 58074
1230 58050
1233 3
1235 58053
1237 77404
1238 38702
1239 58053
1241 38702
1245 336
1251 96
1252 241
1254 144
1259 2
1265 96
1266 235
1268 38763
1269 116154
fn=_IO_new_file_init_internal
107 30
111 5
112 5
114 5
115 5
116 15
fn=new_do_write
433 1184
435 296
442 592
450 888
451 740
453 444
454 296
455 148
456 442
457 738
459 888
fl=/usr/src/debug/glibc/glibc/libio/fseek.c
fn=fseek
32 7
35 12
36 7
39 5
fl=/usr/src/debug/glibc/glibc/libio/genops.c
fn=_IO_cleanup
802 5
803 8
806 15
810 4
811 48
819 8
821 12
824 12
826 9
828 8
830 4
832 6
833 2
837 10
839 6
846 4
848 52
849 4
853 7
854 2
874 11
875 2
887 11
fn=_IO_default_finish
68 8
627 24
629 12
635 12
638 12
650 12
fn=_IO_default_setbuf
356 10
358 2
359 2
363 4
478 20
479 10
481 8
483 6
484 4
488 2
492 8
493 2
494 12
fn=_IO_default_uflow
387 4584
388 2292
389 1528
391 200
392 2292
fn=_IO_default_xsputn
397 517
400 188
401 47
405 188
407 47
408 94
410 94
412 4
413 2
415 92
419 684
420 456
421 184
423 47
425 94
430 376
fn=_IO_doallocbuf
369 20
370 10
372 20
373 30
376 10
fn=_IO_flush_all
712 11
713 2
717 5
718 8
721 15
723 4
724 48
726 28
734 52
735 4
739 7
740 2
744 11
fn=_IO_link_in
109 40
110 50
112 15
114 35
115 55
116 5
117 50
119 10
122 10
123 10
124 10
126 5
128 65
129 5
130 30
131 10
134 55
fn=_IO_no_init
589 29667
590 2697
591 2697
592 5394
594 5
598 30
605 5
607 5
612 5384
613 2697
614 16182
fn=_IO_old_init
557 2697
558 5394
560 13485
565 21576
570 2697
576 8091
581 8091
582 10
584 2697
fn=_IO_setb
355 13505
356 10810
357 3
358 2701
359 2701
361 16224
364 5414
fn=_IO_sputbackc
661 124920
664 124920
665 41640
667 41640
668 20820
673 20820
674 41640
677 62460
fn=_IO_switch_to_get_mode
190 212
191 159
194 159
198 106
199 106
202 53
204 106
206 106
207 53
208 106
fn=_IO_un_link
67 8
68 16
104 8
fn=_IO_unsave_markers
969 5
971 10
976 10
978 5
fn=__GI__IO_un_link.part.0
66 32
72 20
73 36
74 4
75 52
77 8
81 4
82 4
83 4
84 8
85 4
96 16
98 48
99 4
100 24
101 8
104 32
fn=__overflow
225 103
227 309
228 1
229 206
fn=__uflow
325 4584
326 3820
331 1528
334 2292
336 1528
342 1528
347 1528
349 3056
350 1528
fl=/usr/src/debug/glibc/glibc/libio/iofclose.c
fn=fclose@@GLIBC_2.2.5
34 28
48 12
49 4
51 52
52 12
53 12
57 16
58 12
71 8
76 24
fl=/usr/src/debug/glibc/glibc/libio/iofgets.c
fn=fgets
32 32994
37 7332
39 7332
47 47658
51 10998
52 7332
53 29328
56 18326
57 3666
60 3664
61 3664
63 10996
66 21996
fl=/usr/src/debug/glibc/glibc/libio/iofopen.c
fn=__fopen_internal
37 10
57 60
65 10
67 15
70 10
72 35
73 10
74 10
75 35
81 45
fn=fopen@@GLIBC_2.2.5
85 5
86 10
fl=/usr/src/debug/glibc/glibc/libio/iofwrite.c
fn=fwrite
31 135464
32 38704
35 96760
37 232224
38 96759
39 116112
45 77408
46 19352
49 116112
fl=/usr/src/debug/glibc/glibc/libio/iogetline.c
fn=_IO_getline
33 3666
34 7332
fn=_IO_getline_info
49 36660
51 7332
53 10998
54 6
55 33184
57 11283
58 7522
60 106
61 106
63 9
67 100
69 6
70 8
75 2
77 96
78 48
83 7416
85 18540
86 7416
88 7328
89 7322
90 10983
92 3661
94 10983
97 7322
98 3661
101 47
102 47
103 47
107 29328
fl=/usr/src/debug/glibc/glibc/libio/ioseekoff.c
fn=_IO_seekoff_unlocked
33 4
34 2
43 7
59 3
60 1
fl=/usr/src/debug/glibc/glibc/libio/iovsprintf.c
fn=__vsprintf_internal
37 3256
45 592
62 1480
68 592
70 592
71 1776
fl=/usr/src/debug/glibc/glibc/libio/libioP.h
fn=_IO_cleanup
1036 6
1037 4
fn=_IO_default_setbuf
1036 6
1037 4
fn=_IO_default_uflow
1036 2292
1037 1528
fn=_IO_default_xsputn
1036 141
1040 184
fn=_IO_doallocbuf
1036 15
1037 10
fn=_IO_file_close_it@@GLIBC_2.2.5
1036 12
1037 8
fn=_IO_file_doallocate
1036 15
1037 10
fn=_IO_file_open
1036 3
1037 2
fn=_IO_file_seekoff@@GLIBC_2.2.5
1036 6
1037 6
fn=_IO_file_underflow@@GLIBC_2.2.5
1036 106
1037 106
fn=_IO_file_xsputn@@GLIBC_2.2.5
1036 144
1037 144
fn=_IO_flush_all
1036 2
fn=__overflow
1036 309
1037 206
fn=__uflow
1036 2292
1037 1528
fn=fclose@@GLIBC_2.2.5
962 16
963 16
969 8
990 20
991 40
1036 12
1037 8
fn=fgets
990 10996
991 32994
fn=fseek
990 2
991 9
fn=fwrite
990 96760
991 193520
1036 58056
1037 58056
fn=new_do_write
1036 444
1037 296
fn=putchar
990 8
991 36
fl=/usr/src/debug/glibc/glibc/libio/putchar.c
fn=putchar
25 32
27 56
28 28
31 20
fl=/usr/src/debug/glibc/glibc/libio/stdfiles.c
fn=_IO_stdfiles_init
64 1
66 2
67 12
68 3
69 3
70 1
fl=/usr/src/debug/glibc/glibc/libio/strops.c
fn=_IO_str_init_static_internal
36 26920
40 5384
41 8076
46 13460
48 2692
49 2692
50 2692
51 13460
53 2692
54 2692
55 2692
64 2692
65 16152
fn=_IO_str_underflow
145 711
146 2844
148 3555
154 2133
157 711
158 711
fl=/usr/src/debug/glibc/glibc/libio/vtables.c
fn=check_stdfiles_vtables
545 1
546 4
547 3
548 3
550 1
fl=/usr/src/debug/glibc/glibc/malloc/../string/bits/string_fortified.h
fn=_int_realloc
29 93
fn=calloc
59 120
fn=tcache_init.part.0
59 88
fl=/usr/src/debug/glibc/glibc/malloc/../sysdeps/generic/calloc-clear-memory.h
fn=calloc
25 90
27 90
35 8
37 5
38 10
40 10
42 3
44 4
fl=/usr/src/debug/glibc/glibc/malloc/../sysdeps/unix/sysv/linux/not-cancel.h
fn=ptmalloc_init.part.0
100 5
fl=/usr/src/debug/glibc/glibc/malloc/arena.c
fn=calloc
153 84
fn=free
153 6984
fn=malloc
153 938
264 1
fn=ptmalloc_init.part.0
262 7
267 1
292 2
296 4
300 4
301 4
302 4
303 4
304 4
305 4
306 4
308 4
309 4
310 4
313 4
314 4
316 2
326 6
fn=realloc
153 630
fl=/usr/src/debug/glibc/glibc/malloc/dynarray_resize.c
fn=__libc_dynarray_resize
28 96
30 96
32 48
33 96
fl=/usr/src/debug/glibc/glibc/malloc/malloc.c
fn=_int_free_chunk
1796 328
1994 954
4574 2296
4582 656
4593 1272
4595 954
4614 318
4616 318
4617 318
4621 954
4623 636
4627 636
4629 1272
4630 318
4649 1264
4658 20
4661 20
4664 20
4667 40
4679 646
fn=_int_free_create_chunk
4755 50
4756 20
4762 20
4763 5
4764 4
4766 9
4770 20
4778 10
4779 10
4780 20
4782 20
4799 10
4800 10
4801 10
4802 10
4804 30
4805 10
4820 21
fn=_int_free_maybe_consolidate.part.0
4826 44
4835 12
4836 2
4838 12
4841 20
4842 20
4855 28
fn=_int_free_merge_chunk
1994 30
4707 60
4708 10
4712 50
4715 50
4717 30
4720 30
4723 10
4724 20
4725 20
4731 20
4733 2
4734 2
4735 2
4736 8
4738 12
4742 40
4744 64
4833 20
fn=_int_malloc
1328 1088
1347 3264
1796 442
1987 96
3165 8
3167 40
3168 4
3169 8
3170 26
3180 8
3184 8
3188 16
3192 4
3193 8
3201 4
3904 4352
3945 1088
3972 1394
3974 1576
3975 24
3977 598
3979 2408
3981 48
3984 48
3985 120
3990 48
3991 48
3992 1520
3997 48
3998 144
4003 24
4004 72
4035 96
4037 944
4038 996
4040 1494
4097 250
4098 66
4099 11
4116 1558
4117 1560
4118 1560
4127 302
4128 2639
4130 152
4131 304
4132 152
4134 304
4135 456
4137 152
4138 608
4140 608
4142 304
4143 304
4145 304
4156 608
4157 294
4158 288
4159 144
4162 139
4163 139
4164 139
4165 417
4166 417
4167 278
4169 144
4173 1112
4175 417
4176 139
4179 143
4180 417
4181 139
4185 13
4186 13
4190 26
4192 8
4193 12
4198 8
4199 20
4202 4
4203 4
4219 20
4221 6
4222 12
4223 9
4227 66
4228 18
4229 6
4232 12
4276 24
4279 63
4280 9
4281 9
4282 9
4283 9
4288 9
4289 27
4298 27
4304 36
4315 1131
4317 88
4320 66
4321 378
4324 1
4325 6
4331 2
4336 5
4337 3
4340 6
4342 1
4343 3
4388 376
4389 752
4390 752
4391 752
4392 1504
4397 1544
4401 4287
4404 5293
4406 36
4407 24
4411 330
4413 148
4415 296
4419 17
4422 34
4424 45
4425 9
4426 9
4431 32
4434 16
4436 40
4439 24
4442 48
4452 8
4457 8
4458 16
4460 8
4461 8
4462 8
4463 8
4466 16
4467 8
4468 16
4470 10
4473 64
4475 24
4476 8
4479 8
4501 368
4502 736
4504 736
4507 1104
4509 364
4510 1092
4511 364
4512 2912
4514 1092
4517 365
4518 1095
4519 365
4524 12
4539 20
4540 8
4541 16
4545 4896
fn=_int_realloc
3165 62
3167 124
3168 31
3169 62
3252 62
3253 186
3262 93
3265 124
3271 31
4558 155
4563 124
4690 93
4971 525
4982 420
4983 420
4984 420
4990 315
4992 105
4993 315
4995 420
4998 210
5008 166
5009 26
5010 26
5012 426
5013 52
5014 78
5016 52
5020 62
5021 62
5022 31
5032 248
5033 62
5036 31
5042 93
5049 93
5050 217
5065 96
5067 96
5069 240
5070 48
5086 48
5087 630
fn=alloc_perturb
1986 508
1987 1524
1989 508
fn=calloc
1328 92
1347 46
3180 6
3184 6
3188 12
3192 6
3193 3
3215 92
3217 87
3359 322
3361 184
3775 276
3783 414
3791 92
3806 6
3807 3
3812 86
3822 43
3823 172
3830 43
3844 301
3846 470
3849 86
3874 42
3877 42
3879 3
3886 126
3889 210
3893 42
3895 196
fn=free
3165 4000
3167 8000
3168 2000
3169 4000
3252 4656
3253 11640
3262 6954
3265 9272
3271 2000
3437 15341
3441 12050
3449 4658
3451 2329
3453 6987
3457 3
3459 4
3461 2
3462 2
3463 1
3466 2
3470 6984
3479 4658
3480 10683
4558 9312
4559 4656
4563 9312
4690 4656
4699 1312
fn=malloc
1328 4928
1347 2464
3180 3990
3184 3990
3188 7980
3192 3990
3193 1995
3215 4929
3216 4
3217 7380
3313 5
3359 17248
3361 9856
3385 14784
3392 4928
3404 938
3406 1876
3407 2345
3432 9856
fn=malloc_consolidate
4868 18
4883 2
4885 4
4896 2
4898 40
4899 40
4902 588
4906 882
4907 1176
4912 1764
4915 588
4916 294
4917 588
4919 1052
4920 62
4921 62
4922 124
4923 248
4925 496
4928 588
4931 588
4932 424
4933 1272
4935 82
4937 294
4938 294
4939 294
4941 588
4942 94
4946 882
4947 588
4948 294
4949 294
4958 588
4961 60
4962 16
fn=munmap_chunk
3026 2
3027 1
3028 2
3030 2
3032 1
3033 3
3034 1
3040 5
3041 5
3044 1
3045 3
3050 2
3051 1
fn=ptmalloc_init.part.0
1948 384
1951 381
1959 1
1960 1
1962 2
3145 2
fn=realloc
1328 210
1347 630
3485 2233
3491 406
3495 406
3502 406
3503 70
3511 168
3519 336
3521 168
3522 336
3534 315
3542 420
3543 210
3553 210
3567 63
3584 210
3586 630
3587 735
3616 1757
5295 504
5296 504
5297 336
5298 168
fn=sysmalloc
2010 19
2534 48
2554 8
2555 3
2565 8
2566 8
2567 3
2570 4
2578 4
2579 2
2590 3
2591 9
2592 3
2601 32
2607 6
2610 9
2671 6
2680 12
2693 9
2701 15
2709 6
2711 18
2712 15
2714 3
2717 6
2746 6
2747 2
2748 12
2754 6
2755 8
2757 4
2784 2
2785 3
2797 3
2819 2
2820 5
2822 2
2823 4
2835 4
2877 1
2878 4
2879 1
2890 2
2923 9
2924 3
2928 5
2929 6
2932 6
2934 3
2935 3
2936 3
2937 24
2938 6
2940 3
2946 44
4564 3
fn=sysmalloc_mmap.isra.0
2010 4
2402 4
2415 3
2420 2
2423 10
2426 2
2430 2
2434 5
2450 4
2468 1
2469 3
2473 4
2474 5
2477 3
2478 5
2483 4
fn=systrim.constprop.0
2968 12
2970 4
2971 8
2972 4
2976 12
2977 4
2980 16
2982 8
3022 4
fn=tcache_init.part.0
3307 4
3316 8
3317 3
3318 2
3326 4
3335 2
3339 3
fn=unlink_chunk.isra.0
1610 572
1612 1430
1615 286
1616 286
1618 1144
1621 286
1622 286
1623 734
1625 12
1626 18
1629 12
1643 6
1644 6
1647 572
fl=/usr/src/debug/glibc/glibc/malloc/morecore.c
fn=__glibc_morecore
25 12
26 8
29 4
30 8
34 8
fl=/usr/src/debug/glibc/glibc/malloc/scratch_buffer_set_array_size.c
fn=__libc_scratch_buffer_set_array_size
30 39
34 3
35 6
45 6
46 3
63 18
fl=/usr/src/debug/glibc/glibc/math/../sysdeps/ieee754/dbl-64/e_log2.c
fn=__log2_fma
39 796
44 398
56 1990
84 1194
101 796
102 796
103 796
104 1194
106 1990
108 796
114 1194
115 796
116 796
128 398
129 398
130 1592
134 398
135 398
138 1990
139 1990
140 398
fl=/usr/src/debug/glibc/glibc/math/../sysdeps/ieee754/dbl-64/e_pow.c
fn=__ieee754_pow_fma
45 10689
62 3054
63 3054
64 3054
65 4581
67 3054
72 7635
77 4581
88 3054
89 1527
90 3054
91 3054
95 1527
96 1527
97 1527
100 1527
101 1527
102 3054
112 6108
113 12216
114 1527
115 3054
193 1527
194 4581
225 6108
227 1527
229 3054
231 1527
233 4581
234 3054
237 1527
240 1527
243 12216
244 3054
249 3054
283 1527
284 1527
292 12216
369 1527
370 3054
fl=/usr/src/debug/glibc/glibc/math/../sysdeps/ieee754/dbl-64/math_config.h
fn=__ieee754_pow_fma
85 6108
97 1527
fn=__log2_fma
85 398
fl=/usr/src/debug/glibc/glibc/math/../sysdeps/x86_64/fpu/multiarch/e_asin.c
fn=__acos_finite@GLIBC_2.15
37 2
fn=__asin_finite@GLIBC_2.15
29 2
fl=/usr/src/debug/glibc/glibc/math/../sysdeps/x86_64/fpu/multiarch/e_atan2.c
fn=__atan2_finite@GLIBC_2.15
28 2
fl=/usr/src/debug/glibc/glibc/math/../sysdeps/x86_64/fpu/multiarch/e_atanh.c
fn=__atanh_finite@GLIBC_2.15
28 2
fl=/usr/src/debug/glibc/glibc/math/../sysdeps/x86_64/fpu/multiarch/e_exp.c
fn=__exp_finite@GLIBC_2.15
29 2
fl=/usr/src/debug/glibc/glibc/math/../sysdeps/x86_64/fpu/multiarch/e_exp2f.c
fn=exp2f@@GLIBC_2.27
29 6
fl=/usr/src/debug/glibc/glibc/math/../sysdeps/x86_64/fpu/multiarch/e_expf.c
fn=expf@@GLIBC_2.27
29 6
fl=/usr/src/debug/glibc/glibc/math/../sysdeps/x86_64/fpu/multiarch/e_log.c
fn=__log_finite@GLIBC_2.15
29 2
fl=/usr/src/debug/glibc/glibc/math/../sysdeps/x86_64/fpu/multiarch/e_log2.c
fn=log2@@GLIBC_2.29
29 12
fl=/usr/src/debug/glibc/glibc/math/../sysdeps/x86_64/fpu/multiarch/e_log2f.c
fn=log2f@@GLIBC_2.27
29 6
fl=/usr/src/debug/glibc/glibc/math/../sysdeps/x86_64/fpu/multiarch/e_logf.c
fn=logf@@GLIBC_2.27
29 6
fl=/usr/src/debug/glibc/glibc/math/../sysdeps/x86_64/fpu/multiarch/e_pow.c
fn=__pow_finite@GLIBC_2.15
29 2
fl=/usr/src/debug/glibc/glibc/math/../sysdeps/x86_64/fpu/multiarch/e_powf.c
fn=powf@@GLIBC_2.27
32 2
fl=/usr/src/debug/glibc/glibc/math/../sysdeps/x86_64/fpu/multiarch/e_sinh.c
fn=__sinh_finite@GLIBC_2.15
28 2
fl=/usr/src/debug/glibc/glibc/math/../sysdeps/x86_64/fpu/multiarch/ifunc-avx-fma4.h
fn=__atan2_finite@GLIBC_2.15
32 5
33 2
fn=__exp_finite@GLIBC_2.15
32 5
33 2
fn=__log_finite@GLIBC_2.15
32 5
33 2
fn=atan
32 5
33 2
fn=cos
32 5
33 2
fn=sin
32 5
33 2
fn=tan
32 5
33 2
fl=/usr/src/debug/glibc/glibc/math/../sysdeps/x86_64/fpu/multiarch/ifunc-fma.h
fn=__atanh_finite@GLIBC_2.15
29 4
30 4
fn=__log1p
29 4
30 4
fn=__sinh_finite@GLIBC_2.15
29 4
30 4
fn=cosf
29 4
30 4
fn=exp2f@@GLIBC_2.27
30 4
fn=expf@@GLIBC_2.27
30 4
fn=expm1
29 4
30 4
fn=log2@@GLIBC_2.29
30 8
fn=log2f@@GLIBC_2.27
30 4
fn=logf@@GLIBC_2.27
30 4
fn=powf@@GLIBC_2.27
29 4
30 4
fn=sincosf
29 4
30 4
fn=sinf
29 4
30 4
fl=/usr/src/debug/glibc/glibc/math/../sysdeps/x86_64/fpu/multiarch/ifunc-fma4.h
fn=__acos_finite@GLIBC_2.15
31 4
32 2
fn=__asin_finite@GLIBC_2.15
31 4
32 2
fn=__pow_finite@GLIBC_2.15
31 4
32 2
fn=sincos
31 4
32 2
fl=/usr/src/debug/glibc/glibc/math/../sysdeps/x86_64/fpu/multiarch/ifunc-sse4_1.h
fn=roundeven
29 5
fl=/usr/src/debug/glibc/glibc/math/../sysdeps/x86_64/fpu/multiarch/s_atan.c
fn=atan
28 2
fl=/usr/src/debug/glibc/glibc/math/../sysdeps/x86_64/fpu/multiarch/s_cosf.c
fn=cosf
28 2
fl=/usr/src/debug/glibc/glibc/math/../sysdeps/x86_64/fpu/multiarch/s_expm1.c
fn=expm1
28 2
fl=/usr/src/debug/glibc/glibc/math/../sysdeps/x86_64/fpu/multiarch/s_fma.c
fn=fma
49 6
fl=/usr/src/debug/glibc/glibc/math/../sysdeps/x86_64/fpu/multiarch/s_fmaf.c
fn=fmaf
44 6
fl=/usr/src/debug/glibc/glibc/math/../sysdeps/x86_64/fpu/multiarch/s_log1p.c
fn=__log1p
28 2
fl=/usr/src/debug/glibc/glibc/math/../sysdeps/x86_64/fpu/multiarch/s_roundeven.c
fn=roundeven
32 2
fl=/usr/src/debug/glibc/glibc/math/../sysdeps/x86_64/fpu/multiarch/s_sin.c
fn=cos
36 2
fn=sin
29 2
fl=/usr/src/debug/glibc/glibc/math/../sysdeps/x86_64/fpu/multiarch/s_sincos.c
fn=sincos
28 2
fl=/usr/src/debug/glibc/glibc/math/../sysdeps/x86_64/fpu/multiarch/s_sincosf.c
fn=sincosf
28 2
fl=/usr/src/debug/glibc/glibc/math/../sysdeps/x86_64/fpu/multiarch/s_sinf.c
fn=sinf
28 2
fl=/usr/src/debug/glibc/glibc/math/../sysdeps/x86_64/fpu/multiarch/s_tan.c
fn=tan
28 2
fl=/usr/src/debug/glibc/glibc/math/./w_pow_template.c
fn=pow@@GLIBC_2.29
31 9162
32 3054
33 9162
45 6108
49 4581
fl=/usr/src/debug/glibc/glibc/misc/../sysdeps/unix/syscall-template.S
fn=mprotect
117 25
122 5
fn=munmap
117 10
122 2
fl=/usr/src/debug/glibc/glibc/misc/../sysdeps/unix/sysv/linux/brk.c
fn=brk
36 4
37 8
38 8
44 4
45 4
fl=/usr/src/debug/glibc/glibc/misc/../sysdeps/unix/sysv/linux/brk_call.h
fn=brk
24 8
fl=/usr/src/debug/glibc/glibc/misc/../sysdeps/unix/sysv/linux/mmap64.c
fn=mmap
47 119
50 34
53 75
58 102
60 68
fl=/usr/src/debug/glibc/glibc/misc/../sysdeps/unix/sysv/linux/setvmaname.c
fn=__set_vma_name
33 16
35 12
40 19
47 2
48 1
49 13
fl=/usr/src/debug/glibc/glibc/misc/init-misc.c
fn=__init_misc
30 5
31 5
33 4
37 6
38 4
40 2
fl=/usr/src/debug/glibc/glibc/misc/sbrk.c
fn=sbrk
37 20
40 8
43 8
58 8
59 4
62 8
63 4
66 12
67 3
74 12
78 13
fl=/usr/src/debug/glibc/glibc/nptl/../sysdeps/unix/sysv/linux/x86/elision-conf.c
fn=__lll_elision_init
92 5
96 6
98 4
100 4
102 4
104 4
107 3
108 1
109 6
fl=/usr/src/debug/glibc/glibc/nptl/cancellation.c
fn=__internal_syscall_cancel
30 1236
37 412
38 412
40 412
64 618
fn=__syscall_cancel
74 618
75 618
79 1030
80 618
fl=/usr/src/debug/glibc/glibc/nptl/libc-cleanup.c
fn=__libc_cleanup_pop_restore
54 2703
57 5406
59 8109
60 8109
71 2703
fn=__libc_cleanup_push_defer
24 2703
25 2703
27 5406
29 5406
32 5406
46 8109
48 2703
49 2703
fl=/usr/src/debug/glibc/glibc/nptl/pthread_mutex_conf.c
fn=__pthread_tunables_init
55 5
56 6
58 4
60 4
62 6
fl=/usr/src/debug/glibc/glibc/nptl/pthread_mutex_lock.c
fn=pthread_mutex_lock@@GLIBC_2.2.5
44 1
45 7
46 1
77 4
80 1
82 1
84 3
88 2
97 2
108 4
112 1
115 2
124 1
130 3
131 2
179 1
182 1
184 1
187 1
190 2
fl=/usr/src/debug/glibc/glibc/nptl/pthread_mutex_unlock.c
fn=__pthread_mutex_unlock_usercnt
39 1
40 4
41 1
48 4
51 1
52 2
57 2
62 1
63 2
65 2
70 1
72 1
74 2
80 4
84 3
87 2
104 2
fn=pthread_mutex_unlock@@GLIBC_2.2.5
367 1
368 2
fl=/usr/src/debug/glibc/glibc/posix/../malloc/dynarray-skeleton.c
fn=__unregister_atfork
243 3
fn=re_search_internal
184 192
199 96
201 96
264 96
379 48
400 288
404 144
fl=/usr/src/debug/glibc/glibc/posix/../string/bits/string_fortified.h
fn=build_trtable
29 81
59 124
fn=re_compile_fastmap
59 82
fn=re_compile_internal
59 129
fn=re_dfa_add_node
59 51
fn=re_node_set_add_intersect
29 642
fn=re_node_set_init_copy
29 84
fn=re_node_set_merge
29 54
fn=re_search_internal
29 480
59 192
fl=/usr/src/debug/glibc/glibc/posix/../sysdeps/unix/sysv/linux/_exit.c
fn=_Exit
27 3
30 2
fl=/usr/src/debug/glibc/glibc/posix/regcomp.c
fn=calc_eclosure_iter
1695 272
1699 36
1700 102
1705 51
1709 68
1713 102
1724 52
1725 76
1728 24
1731 40
1738 16
1740 72
1741 12
1745 8
1747 88
1748 16
1752 40
1759 16
1760 6
1762 62
1763 51
1764 17
1765 187
fn=create_token_tree
3824 180
3826 117
3828 18
3830 6
3832 12
3833 21
3836 195
3838 150
3840 30
3841 60
3842 30
3844 60
3846 30
3848 60
3849 17
3850 60
3851 13
3853 63
fn=duplicate_tree
3826 8
3836 14
3839 6
3841 6
3842 2
3844 2
3846 2
3900 18
3903 4
3905 2
3911 2
3912 4
3916 8
3924 6
3926 2
3927 2
3928 2
3929 4
3930 2
3936 18
fn=free_charset
3796 10
3797 4
3799 4
3800 4
3802 4
3803 4
3804 4
3805 4
3806 4
fn=lower_subexp
1346 24
1347 2
1348 2
1356 4
1366 8
1368 16
1375 6
1376 20
1378 24
3817 24
3818 52
fn=parse_bracket_element.constprop.0
3410 72
3416 6
3422 6
3425 12
3426 36
3429 24
3440 6
3441 12
3443 54
fn=parse_branch
2203 60
2205 8
2206 12
2207 24
2210 27
2211 52
2213 40
2214 25
2220 20
2223 15
2230 5
2237 48
3817 15
3818 45
fn=parse_expression
1775 103
2248 135
2249 27
2251 54
2254 30
2255 10
2261 10
2282 2
2445 27
2446 77
2450 18
2458 4
2459 4
2470 108
2486 8
2488 6
2491 6
2492 2
2495 18
2496 12
2507 4
2508 12
2511 4
2516 2
2527 4
2528 4
2530 4
2589 2
2590 24
2595 4
2604 4
2606 4
2619 10
2620 4
2625 4
2627 6
2633 8
2635 4
2642 8
2654 6
2877 12
2880 6
2881 15
2956 9
2971 12
2979 9
3010 2304
3014 1536
3015 1536
3018 3072
3101 2
3103 2
3104 2
3105 2
3113 2
3115 2
3120 4
3121 6
3122 2
3123 4
3136 10
3138 10
3141 12
3154 10
3155 6
3160 4
3165 12
3178 4
3179 2
3182 1
3191 6
3193 27
3195 6
3200 1
3203 15
3206 9
3208 9
3213 6
3215 9
3216 15
3217 9
3222 6
3235 6
3237 21
3239 6
3245 15
3248 15
3261 3
3266 12
3324 12
3329 6
3333 10
3336 4
3341 6
3344 22
3345 8
3386 4
3389 2
3390 4
3391 12
3392 4
3817 20
3818 37
fn=parse_reg_exp
2154 60
2155 4
2157 8
2158 12
2159 24
2162 8
2164 20
2166 8
2189 48
fn=peek_token
1783 90
1786 45
1788 2
1789 4
1792 39
1793 13
1797 13
1798 39
1803 9
1806 26
1809 16
1816 4
1817 4
1819 8
1823 24
1827 32
1829 32
1928 8
1931 9
1933 18
1936 54
1940 72
1942 104
1956 4
1957 4
1972 4
1973 4
1976 4
1977 4
1980 2
1981 2
2014 75
fn=peek_token_bracket
2021 11
2023 33
2028 22
2029 11
2032 22
2036 22
2040 22
2048 6
2051 22
2086 58
2089 3
2092 2
fn=re_compile_fastmap
265 16
266 2
267 2
270 8
271 6
273 6
275 6
277 2
279 14
fn=re_compile_fastmap_iter
286 18
287 34
297 26
298 2
300 10
301 21
303 9
304 14
306 14
310 3
335 14
338 23
339 1292
340 512
422 22
fn=re_compile_internal
729 26
730 2
736 2
738 2
739 2
740 2
744 2
745 4
751 10
752 4
754 4
755 6
757 4
759 2
760 2
775 14
776 6
777 2
790 4
791 4
796 2
802 14
807 2
810 4
813 6
822 22
849 2
855 4
859 8
860 10
863 24
864 26
867 10
868 6
870 10
872 6
875 10
876 6
891 4
919 8
983 16
985 6
986 3
989 2
990 6
991 4
992 2
1006 6
1007 2
1008 22
1009 6
1016 6
1017 4
1051 20
1053 4
1055 4
1071 8
1072 2
1074 6
1075 2
1166 4
1170 12
1171 8
1172 10
1173 6
1174 18
1178 14
1179 6
1182 16
1183 2
1184 2
1185 12
1186 4
1190 2
1191 4
1195 4
1198 2
1201 4
1203 21
1211 20
1214 12
1215 6
1232 4
1236 320
1245 18
1247 162
1253 265
1264 6
1267 2
1271 147
1272 2
1275 22
1276 659
1278 84
1279 162
1280 172
1283 128
1296 70
1303 44
1304 80
1326 24
1328 100
1330 4
1331 2
1332 1
1334 90
1336 4
1337 2
1338 1
1341 9
1386 60
1388 39
1389 26
1393 17
1394 85
1395 34
1397 34
1407 146
1410 32
1411 2
1413 69
1414 26
1415 13
1417 30
1419 30
1431 30
1434 186
1447 2
1448 6
1449 4
1452 6
1455 6
1458 6
1465 24
1476 36
1633 74
1634 49
1636 86
1638 102
1639 176
1641 135
1642 54
1658 2
1660 19
1664 72
1666 4
1672 34
1675 51
1678 55
1679 22
1682 44
1775 14
2121 2
2124 2
2125 4
2126 16
2127 12
2130 6
2134 14
3817 12
3818 28
fn=regcomp
462 20
464 12
467 2
468 4
472 6
473 4
476 8
479 4
487 2
488 18
489 2
491 16
495 4
499 4
502 4
511 10
fl=/usr/src/debug/glibc/glibc/posix/regex_internal.c
fn=build_trtable
971 7
973 28
974 28
984 18
986 27
987 27
992 9
fn=calc_eclosure_iter
973 68
974 34
fn=peek_token
846 12
847 4
fn=re_acquire_state
1468 642
1470 5820
1471 870
1488 5778
1497 3210
1503 2568
1505 4290
1507 785
1508 1570
1510 3840
1520 5778
1637 40
1638 20
1640 50
1641 30
1647 10
1648 78
1650 78
1651 16
1652 40
1655 132
1659 24
1661 24
1663 48
1666 40
1667 20
fn=re_acquire_state_context
1468 22
1470 130
1471 25
1536 99
1545 55
1551 44
1553 43
1555 2
1556 4
1557 8
1558 10
1567 108
1687 45
1688 18
1690 54
1691 36
1697 54
1698 9
1700 141
1702 68
1703 17
1704 68
1706 68
1709 132
1713 24
1714 6
1715 20
1718 24
1746 36
1747 18
fn=re_compile_internal
84 4
86 10
87 6
90 8
92 4
95 6
118 4
123 4
127 6
184 2
186 6
187 2
189 6
190 4
191 10
192 6
194 2
561 2
916 4
917 4
919 6
984 8
986 12
987 12
992 4
1000 4
1001 8
1002 4
1004 6
1011 2
1012 2
1014 2
1015 2
fn=re_dfa_add_node
1413 119
1414 68
1452 102
1453 51
1455 85
1457 68
1459 34
1460 17
1461 51
1462 51
1463 85
fn=re_node_set_add_intersect
1055 2568
1057 2247
1058 321
1062 1926
1064 192
1065 480
1066 192
1068 192
1069 96
1074 1290
1075 321
1076 321
1077 642
1080 5325
1083 3891
1084 96
1086 1215
1087 684
1089 2196
1094 168
1101 336
1106 642
1107 963
1108 642
1113 642
1114 1542
1117 720
1120 624
1121 168
1127 96
1128 192
1134 1116
1137 1926
fn=re_node_set_compare
1363 1540
1365 8832
1367 2992
1368 6034
1370 1268
1371 136
fn=re_node_set_contains
1378 1722
1380 2583
1381 1542
1384 681
1385 1362
1386 3377
1388 1334
1389 2001
1390 624
1392 355
1394 2544
1395 861
fn=re_node_set_init_copy
1029 147
1030 42
1031 42
1033 21
1034 105
1035 63
1044 21
1045 105
fn=re_node_set_insert
984 192
986 192
987 144
992 48
993 48
1285 2505
1288 1503
1291 1359
1296 453
1297 405
1298 810
1299 453
1303 96
1306 192
1307 240
1308 96
1310 96
1315 96
1317 144
1322 192
1328 48
1329 549
1330 48
1331 1002
fn=re_node_set_insert_last
1340 240
1342 144
1345 57
1346 124
1347 38
1349 38
1353 201
1354 48
1355 115
fn=re_node_set_merge
1198 168
1200 140
1201 28
1202 140
1204 66
1205 110
1206 44
1208 22
1209 44
1212 78
1217 20
1218 20
1219 20
1220 20
1225 52
1226 78
1228 74
1230 10
1231 32
1233 4
1236 16
1239 4
1240 12
1243 16
1244 16
1245 16
1246 16
1251 40
1254 48
1257 44
1258 16
1264 2
1265 4
1268 8
1276 84
fn=re_search_internal
56 5520
58 7360
61 3680
62 12880
65 5520
66 9200
67 7360
68 9200
184 3680
186 1840
187 3680
189 7360
190 1840
191 11040
192 5520
194 1840
916 3680
917 3680
919 3680
fn=re_string_context_at
929 362
933 543
937 362
951 181
952 124
953 300
958 543
959 362
961 362
963 31
fn=re_string_realloc_buffers
141 12894
143 3684
166 3684
174 1842
175 1842
176 9210
fn=re_string_reconstruct
580 1729
583 399
584 266
605 266
608 931
612 399
614 133
677 665
680 266
684 266
687 532
802 399
803 266
805 133
806 399
807 133
811 266
824 266
832 266
834 133
835 133
836 1463
fn=register_state
971 19
972 19
973 76
974 38
1577 209
1582 19
1583 38
1586 156
1588 99
1589 132
1590 84
1594 57
1595 57
1597 16
1598 83
1600 32
1602 16
1603 32
1605 73
1606 19
1607 152
fn=sift_states_backward
984 96
986 96
987 96
992 48
fn=update_cur_sifted_state
971 11
972 11
973 33
974 22
fl=/usr/src/debug/glibc/glibc/posix/regex_internal.h
fn=build_trtable
718 30
730 19
737 9
770 4
771 78
fn=check_node_accept
730 1872
fn=parse_bracket_element.constprop.0
789 12
fn=parse_expression
718 206
fn=re_string_context_at
730 905
fl=/usr/src/debug/glibc/glibc/posix/regexec.c
fn=build_trtable
3262 252
3266 7
3284 18
3289 18
3292 4
3294 4
3295 6
3296 6
3298 14
3303 21
3316 27
3319 9
3321 126
3323 27
3324 18
3326 72
3327 18
3331 121
3332 18
3336 18
3354 9
3355 9
3360 56
3366 14
3367 28
3368 42
3372 112
3373 140
3374 652
3375 787
3376 854
3380 297
3384 171
3385 57
3387 171
3421 14
3437 14
3438 55
3439 18
3441 99
3460 9
3463 96
3465 85
3466 17
3467 51
3470 34
3471 5
3472 24
3474 4
3476 16
3490 16
3507 18
3566 86
3574 14
3615 18
3617 54
3618 72
3621 9
fn=check_halt_state_context
1177 96
1178 96
1179 96
1181 144
1195 288
1199 480
1200 192
1201 96
1204 336
fn=check_node_accept
3946 2034
3947 4740
3950 1098
3955 624
3975 1638
3985 546
3986 630
fn=match_ctx_clean
4093 765
4095 255
4114 85
4115 85
4116 680
fn=merge_state_with_log
2271 6591
2272 507
2273 1014
2275 1014
2277 1521
2278 507
2320 1521
2341 6084
fn=re_search_internal
589 34960
591 3680
601 53360
602 12880
603 7360
604 3680
605 9200
607 16560
608 3680
611 25760
623 5520
634 5520
636 12880
637 5520
642 1840
643 9200
645 3680
653 3680
656 5520
663 12880
664 5520
671 1840
672 5520
673 7360
676 5520
677 1840
678 1840
679 1840
680 3680
682 5520
685 3680
687 255
689 1792
690 15060
698 13475
714 681823
715 94080
718 5996
721 7168
722 12544
778 665
779 266
785 266
791 266
794 266
796 96
803 48
804 240
806 96
807 336
810 192
814 48
825 170
832 96
837 816
838 48
841 96
842 96
847 144
849 96
850 240
858 384
859 384
862 240
869 96
876 336
877 192
879 144
885 144
897 9104
898 7360
902 22080
908 48
919 96
923 384
924 144
929 144
973 144
975 96
977 144
983 240
984 48
986 48
987 144
1005 399
1046 133
1048 133
1049 133
1050 133
1052 399
1055 133
1064 399
1066 266
1070 399
1087 266
1092 635
1102 2984
1105 507
1107 1521
1109 1521
1110 64
1121 1014
1122 3549
1124 1014
1129 399
1132 399
1133 665
1140 748
1141 748
1146 1122
1150 96
1151 748
1155 48
1156 96
1159 48
1160 144
1166 399
1167 85
1217 501
1218 2505
1220 2325
1221 456
1223 1824
1225 1368
1226 684
1231 228
1232 1764
1234 360
1235 1800
1237 456
1238 228
1265 546
1269 546
1305 2103
1307 819
1308 546
1309 546
1313 273
1314 273
1340 240
1387 144
1401 48
1403 96
1415 2889
1417 96
1419 1290
1420 1002
1424 96
1436 48
1447 1002
1492 4392
1493 1098
1495 96
1498 96
1500 96
1501 96
1504 1002
1507 96
1508 96
1510 192
1512 96
2220 1014
2236 2535
2239 516
2240 1032
2241 1014
2243 9
2244 18
2257 45
2352 133
2353 665
2357 798
4060 1840
4062 3680
4081 1840
4082 1840
4083 1840
4264 48
4265 48
4266 48
4267 96
fn=regexec@@GLIBC_2.3.4
195 18400
198 1840
200 3680
203 7360
211 22080
214 9200
215 3680
219 22080
221 7360
222 5520
223 9200
fn=sift_states_backward
1561 624
1563 48
1564 96
1571 48
1574 432
1575 96
1579 1284
1582 1638
1583 819
1590 273
1591 273
1593 1638
1604 1911
1605 546
1608 96
1610 96
1612 576
1619 1911
1630 2034
1632 1215
1635 1620
1639 810
1647 2844
1648 3276
1650 273
1655 1092
1658 192
1663 1911
1664 546
fn=update_cur_sifted_state
1728 4494
1729 321
1730 321
1732 2889
1733 642
1735 963
1743 321
1744 1284
1748 963
1757 2889
1758 1605
1762 2247
1765 631
1769 3852
1776 321
1779 1926
1780 963
1783 1605
1785 44
1788 143
1790 33
1791 33
1792 22
1796 1605
2039 44
2168 321
fl=/usr/src/debug/glibc/glibc/posix/register-atfork.c
fn=__unregister_atfork
71 6
82 15
83 12
109 12
110 6
fl=/usr/src/debug/glibc/glibc/resource/../sysdeps/unix/sysv/linux/getrlimit64.c
fn=getrlimit
38 2
39 7
40 1
fl=/usr/src/debug/glibc/glibc/setjmp/../sysdeps/x86_64/bsd-_setjmp.S
fn=_setjmp
28 1
30 1
32 1
fl=/usr/src/debug/glibc/glibc/setjmp/../sysdeps/x86_64/setjmp.S
fn=__sigsetjmp
31 7
33 7
42 7
43 14
44 7
48 7
49 7
50 7
51 7
52 7
54 14
56 7
57 7
58 7
60 14
62 7
67 1
68 1
70 6
73 6
74 6
81 6
82 6
85 1
fl=/usr/src/debug/glibc/glibc/setjmp/sigjmp.c
fn=__sigjmp_save
28 1
29 1
30 2
34 2
fl=/usr/src/debug/glibc/glibc/stdio-common/../include/../locale/localeinfo.h
fn=__printf_fp_l_buffer
331 3
fl=/usr/src/debug/glibc/glibc/stdio-common/../include/printf_buffer.h
fn=__printf_buffer
148 4140
149 5516
151 8
163 390168
164 3110
fn=__printf_buffer_flush
115 370
fn=__printf_buffer_to_file_init
124 91560
127 45780
128 45780
137 91560
fn=__printf_fp_buffer_1.isra.0
163 5
fl=/usr/src/debug/glibc/glibc/stdio-common/../include/rounding-mode.h
fn=__printf_fp_buffer_1.isra.0
52 4
58 2
fl=/usr/src/debug/glibc/glibc/stdio-common/../include/scratch_buffer.h
fn=__vfscanf_internal
77 8076
78 2692
85 8076
113 22920
fl=/usr/src/debug/glibc/glibc/stdio-common/../libio/libioP.h
fn=__printf_buffer_flush_to_file
1036 21
1037 21
fl=/usr/src/debug/glibc/glibc/stdio-common/../libio/strfile.h
fn=__isoc99_sscanf
87 2692
88 16152
89 5384
90 13460
fl=/usr/src/debug/glibc/glibc/stdio-common/../string/bits/string_fortified.h
fn=__printf_buffer_pad_1
59 1866
fn=__printf_buffer_write
29 723822
fn=__vfscanf_internal
59 2692
fl=/usr/src/debug/glibc/glibc/stdio-common/../sysdeps/generic/get-rounding-mode.h
fn=__printf_fp_buffer_1.isra.0
94 1
95 7
fl=/usr/src/debug/glibc/glibc/stdio-common/../sysdeps/pthread/allocalim.h
fn=__printf_fp_buffer_1.isra.0
29 2
fl=/usr/src/debug/glibc/glibc/stdio-common/Xprintf_buffer_done.c
fn=__printf_buffer_done
25 46076
26 138228
31 92152
33 506836
40 46076
fl=/usr/src/debug/glibc/glibc/stdio-common/Xprintf_buffer_flush.c
fn=__printf_buffer_flush
61 925
62 370
66 370
70 555
71 185
72 555
fl=/usr/src/debug/glibc/glibc/stdio-common/Xprintf_buffer_pad_1.c
fn=__printf_buffer_pad_1
24 5598
25 1866
33 3110
36 622
37 1244
39 622
40 1866
43 1244
44 3732
fl=/usr/src/debug/glibc/glibc/stdio-common/Xprintf_buffer_putc_1.c
fn=__printf_buffer_putc_1
23 7
24 3
25 3
27 3
28 3
29 4
fl=/usr/src/debug/glibc/glibc/stdio-common/Xprintf_buffer_write.c
fn=__printf_buffer_write
27 1934272
28 725352
31 1448500
33 1206942
35 736
36 241274
37 482548
40 723822
41 241274
44 1450704
fl=/usr/src/debug/glibc/glibc/stdio-common/_itoa.c
fn=_itoa_word
169 194462
170 388924
174 504212
183 2354746
184 219611
192 194462
fl=/usr/src/debug/glibc/glibc/stdio-common/fprintf.c
fn=fprintf
27 595127
31 274674
32 137337
36 228895
fl=/usr/src/debug/glibc/glibc/stdio-common/isoc99_sscanf.c
fn=__isoc99_sscanf
24 48456
30 16152
31 13460
35 24228
fl=/usr/src/debug/glibc/glibc/stdio-common/printf-parse.h
fn=__printf_buffer
53 1866
55 6636
56 652
64 652
65 1304
68 326
82 621796
fn=__vfscanf_internal
55 89114
62 566
64 1132
65 2264
68 566
fl=/usr/src/debug/glibc/glibc/stdio-common/printf.c
fn=printf
28 23
32 6
33 6
37 5
fl=/usr/src/debug/glibc/glibc/stdio-common/printf_buffer_flush.c
fn=__printf_buffer_flush
41 1295
53 185
54 185
fl=/usr/src/debug/glibc/glibc/stdio-common/printf_buffer_to_file.c
fn=__printf_buffer_flush_to_file
49 229825
51 183860
53 183860
58 21
59 49
65 212
68 137874
72 198
74 693
86 137577
89 45859
91 137577
98 208
99 208
103 45859
104 91824
fn=__printf_buffer_to_file_done
117 183120
118 137340
120 91560
121 91560
122 45780
fn=__printf_buffer_to_file_init
108 45780
109 91560
111 45780
112 45780
fn=__printf_buffer_to_file_switch
29 45886
30 183544
34 45878
35 91764
40 16
41 8
44 45886
45 45886
fl=/usr/src/debug/glibc/glibc/stdio-common/printf_fp.c
fn=__printf_fp_buffer_1.isra.0
138 16
159 8
177 1
187 1
221 2
222 1
226 4
230 17
234 1
266 5
267 1
268 2
271 16
272 15
273 14
279 1
280 2
483 2
499 4
500 5
501 2
503 1
504 3
509 11
511 29
518 5
519 2
520 1
524 5
525 1
527 6
531 5
532 2
533 4
535 2
540 5
562 3
570 2
571 4
575 3
576 2
579 3
580 2
587 1
590 5
613 2
616 4
621 11
623 25
625 2
647 3
665 3
669 1
674 6
676 2
680 2
686 2
688 1
689 5
690 1
691 1
692 3
746 1
759 8
760 3
781 2
782 1
783 6
787 1
788 2
789 7
790 21
792 6
793 18
794 6
795 6
796 24
805 3
806 4
808 7
830 2
834 2
835 9
840 8
842 2
844 2
855 2
924 5
935 3
980 6
983 2
987 5
988 1
991 2
994 4
996 8
1001 2
1003 2
1006 2
1009 3
1022 4
1024 3
1028 2
1030 11
fn=__printf_fp_l_buffer
1099 15
1102 3
1111 1
1112 2
1115 5
1116 5
1117 2
1122 7
1126 1
1147 11
fn=hack_digit
88 36
91 77
93 18
95 30
96 24
127 6
128 38
fl=/usr/src/debug/glibc/glibc/stdio-common/sprintf.c
fn=sprintf
25 3848
29 1776
30 1480
34 1480
fl=/usr/src/debug/glibc/glibc/stdio-common/vfprintf-internal.c
fn=__printf_buffer
263 3
264 3
266 1
600 645064
627 230380
631 46076
634 46076
638 184304
642 46076
653 92152
654 138228
655 138228
659 92152
663 368608
683 97854
684 97854
685 97854
686 97854
687 97854
690 195710
691 97854
692 97854
693 97854
694 97854
695 97854
698 97854
699 97854
705 1369956
719 1244
720 622
721 9952
726 622
744 2
761 6019
784 194462
800 592
807 1244
810 8086
864 4738
870 1
871 639
876 1
973 2
976 35
996 12
997 2
1001 1
1018 97854
1024 97854
1028 293562
1029 195708
1031 351042
1044 506836
fn=__vfprintf_internal
1522 686700
1525 228900
1529 228900
1540 91560
1543 137340
1544 228900
1545 137340
1567 503580
fl=/usr/src/debug/glibc/glibc/stdio-common/vfprintf-process-arg.c
fn=__printf_buffer
35 86474
48 172948
49 7
50 172946
52 172946
53 778257
57 259422
58 259422
60 86474
66 4738
67 91212
78 6019
92 10757
93 10757
94 21514
126 21514
128 21514
130 21514
131 96813
136 194462
138 97231
155 1361234
161 777848
163 97231
164 291693
170 680617
174 97231
186 194462
187 513422
195 486155
197 291693
199 309184
201 239220
208 552544
209 1380
211 194462
217 2760
224 2760
230 78360
233 56613
236 194462
240 486155
403 5598
408 1244
422 4354
430 1244
435 2488
455 1866
461 1866
463 2488
491 622
fl=/usr/src/debug/glibc/glibc/stdio-common/vfscanf-internal.c
fn=__vfscanf_internal
206 5286
214 4860
222 41496
223 20748
231 2865
260 47906
263 40374
278 34996
282 2692
283 8076
284 2692
288 13460
289 5384
293 2692
313 2692
325 2692
326 2692
327 2692
328 2692
332 2692
339 10768
345 13706
348 13460
352 5384
359 5384
365 2692
367 10768
372 29612
381 71212
419 35460
430 696
443 59410
444 35460
447 36780
449 10596
454 17826
457 232
462 3652
464 708
465 126
470 3652
472 7565
480 862
483 19024
489 62244
492 1724
498 862
505 28536
530 31122
533 104602
660 31122
664 10374
665 51870
669 31122
670 10374
676 297421
677 300
679 129641
680 40636
681 39776
685 128498
701 7079
1065 22158
1067 140334
1069 65246
1070 307
1071 1842
1079 329083
1081 25992
1082 12996
1147 101224
1149 151836
1150 222626
1186 25992
1192 417017
1194 14158
1234 28316
1236 14158
1242 14158
1244 7079
1450 20055
1452 246
1455 11460
1458 36
1460 63
1464 14343
1467 4336
1470 7588
1472 8672
1484 2168
1485 32
1486 32
1494 2168
1498 3562
1501 8595
1742 9684
1813 51403
1815 25618
1817 66910
1877 9944
1879 39776
1881 69608
1884 5730
1891 5730
1892 4860
1893 492
1894 492
1898 1740
1913 3108
1920 29052
1924 4842
1941 4842
1942 7263
1945 4842
1948 7263
1951 9684
1970 4842
1972 4842
1975 4842
1976 31473
1980 9807
1992 246
1996 369
3139 219
3149 18844
3153 5384
3155 369
3170 5138
3173 36
3176 32304
fl=/usr/src/debug/glibc/glibc/stdlib/../stdlib/strtol.c
fn=__isoc23_strtol
125 40
126 200
fn=__strtoul_internal
107 2421
108 9684
fn=strtol
116 17
117 85
fl=/usr/src/debug/glibc/glibc/stdlib/../stdlib/strtol_l.c
fn=____strtol_l_internal
238 627
257 57
258 96
264 114
292 57
295 342
301 57
304 456
306 114
310 228
311 114
320 171
322 2
327 4
335 112
342 114
345 162
387 34
390 51
391 68
393 57
394 57
395 1
449 282
451 844
453 447
460 42
477 99
478 83
481 423
484 564
489 255
490 423
495 114
500 171
506 114
507 114
509 228
546 456
fn=____strtoul_l_internal
238 26631
257 2421
258 1337
264 4842
292 2421
295 14526
301 2421
304 19368
306 4842
310 9684
311 4842
320 7263
322 7588
327 2168
332 5420
335 2674
342 2674
387 4842
390 8600
391 9684
393 2421
394 2421
395 2168
449 22056
451 50797
453 33084
460 3152
477 5573
478 5573
481 33084
484 33084
489 13449
490 33084
495 4842
500 7263
501 2421
513 4842
524 12105
546 21789
fl=/usr/src/debug/glibc/glibc/stdlib/../sysdeps/ieee754/dbl-64/dbl2mpn.c
fn=__mpn_extract_double
33 2
35 1
37 3
38 5
47 3
56 3
103 2
107 2
fl=/usr/src/debug/glibc/glibc/stdlib/../sysdeps/unix/sysv/linux/getrandom.c
fn=__getrandom_early_init
238 7
241 6
278 5
fl=/usr/src/debug/glibc/glibc/stdlib/../sysdeps/x86_64/lshift.S
fn=__mpn_lshift
28 1
29 1
30 1
32 1
33 1
34 1
46 1
47 1
48 1
49 1
50 1
51 1
52 1
58 1
59 1
60 1
fl=/usr/src/debug/glibc/glibc/stdlib/../sysdeps/x86_64/mul_1.S
fn=__mpn_mul_1
31 7
32 7
35 7
36 7
37 7
38 7
39 7
41 7
42 7
44 7
45 7
46 7
47 7
48 6
50 6
51 6
52 6
53 6
79 1
80 1
81 1
82 1
83 1
84 1
85 1
86 1
87 1
113 1
114 1
115 1
117 1
118 1
119 1
120 1
121 1
122 7
124 7
127 7
fl=/usr/src/debug/glibc/glibc/stdlib/../sysdeps/x86_64/rshift.S
fn=__mpn_rshift
28 1
29 1
30 1
31 1
44 1
45 1
61 1
62 1
63 1
64 1
65 1
66 1
67 1
72 1
73 1
74 1
75 1
76 1
fl=/usr/src/debug/glibc/glibc/stdlib/atoi.c
fn=atoi
26 120
27 120
28 80
fl=/usr/src/debug/glibc/glibc/stdlib/cxa_atexit.c
fn=__cxa_atexit
67 1
68 2
fn=__internal_atexit
36 7
41 3
43 7
44 2
46 2
52 3
53 1
54 1
55 1
56 1
57 5
58 1
59 6
fn=__new_exitfn
80 5
81 1
86 2
91 9
93 4
101 1
122 1
123 1
134 1
136 1
137 1
141 3
fl=/usr/src/debug/glibc/glibc/stdlib/cxa_finalize.c
fn=__cxa_finalize
45 30
48 15
51 21
55 21
108 21
112 18
119 6
120 6
121 12
122 24
fl=/usr/src/debug/glibc/glibc/stdlib/cxa_thread_atexit_impl.c
fn=__call_tls_dtors
148 5
149 4
165 4
fl=/usr/src/debug/glibc/glibc/stdlib/exit.c
fn=__run_exit_handlers
45 12
47 9
50 2
51 2
53 7
64 1
66 2
70 1
74 6
76 2
77 1
79 7
111 1
112 1
113 1
114 3
117 4
118 3
119 4
123 3
129 2
130 2
136 4
138 2
139 2
141 2
fn=exit
147 3
148 4
fl=/usr/src/debug/glibc/glibc/stdlib/mul.c
fn=__mpn_mul
48 17
54 2
66 2
71 1
72 2
81 2
83 1
88 2
141 1
142 11
fl=/usr/src/debug/glibc/glibc/string/../include/rtld-malloc.h
fn=strdup
56 6
fl=/usr/src/debug/glibc/glibc/string/../string/bits/string_fortified.h
fn=strdup
29 1480
fl=/usr/src/debug/glibc/glibc/string/../string/strcspn.c
fn=strcspn
32 5
33 3
34 2
39 6
40 4
41 4
42 4
44 1
47 9
48 6
51 4
52 4
53 4
54 4
56 3
61 11
62 22
63 22
64 22
65 11
67 66
69 1
70 4
71 2
fl=/usr/src/debug/glibc/glibc/string/../string/strstr.c
fn=__GI_strstr
45 5
77 65
82 15
84 25
85 10
161 60
fl=/usr/src/debug/glibc/glibc/string/../sysdeps/x86/cacheinfo.c
fn=__x86_cacheinfo
86 3
fl=/usr/src/debug/glibc/glibc/string/../sysdeps/x86/cacheinfo.h
fn=__x86_cacheinfo
62 1
65 3
67 3
68 1
74 3
76 3
77 1
81 2
84 2
86 2
87 2
88 2
90 2
fl=/usr/src/debug/glibc/glibc/string/../sysdeps/x86_64/multiarch/../multiarch/memcmp-sse2.S
fn=bcmp
59 1
71 1
72 1
94 1
95 1
140 1
141 1
143 1
144 1
146 1
147 1
149 1
150 1
197 1
198 1
199 1
200 1
201 1
202 1
fl=/usr/src/debug/glibc/glibc/string/../sysdeps/x86_64/multiarch/../multiarch/memset-vec-unaligned-erms.S
fn=memset
137 6
138 30
143 6
144 6
147 4
148 4
150 1
151 1
152 1
236 3
237 3
249 3
252 3
253 3
265 3
266 3
279 3
280 3
282 3
285 2
288 4
291 38
292 38
293 38
294 38
295 38
296 38
297 38
300 3
301 3
302 3
303 3
308 3
354 2
356 2
357 2
396 2
397 2
399 2
fl=/usr/src/debug/glibc/glibc/string/../sysdeps/x86_64/multiarch/../multiarch/strchr-sse2.S
fn=index
32 18
33 18
34 18
35 18
36 18
37 18
38 18
39 18
40 18
41 18
42 18
43 18
44 18
45 18
46 18
47 18
48 18
49 18
50 15
54 15
55 15
56 15
57 15
59 15
63 3
64 3
65 3
66 3
67 3
68 3
69 3
70 3
71 3
72 3
73 3
74 3
75 3
76 3
77 3
78 3
79 3
80 3
81 3
82 3
83 3
84 3
85 3
86 3
138 3
142 3
143 3
144 3
145 3
147 3
fl=/usr/src/debug/glibc/glibc/string/../sysdeps/x86_64/multiarch/../multiarch/strcmp-sse2.S
fn=strcmp
98 348
131 348
132 348
134 348
135 348
156 348
157 348
158 198
159 198
160 132
161 132
162 132
163 132
180 132
181 132
182 132
183 132
184 132
185 132
186 132
191 16
192 48
201 232
202 232
203 232
204 232
205 232
206 232
207 232
208 232
209 165
210 99
211 99
212 99
214 165
215 165
216 165
217 165
218 165
219 165
229 67
230 67
231 67
233 67
239 67
240 67
241 67
242 67
243 67
248 67
250 65
251 65
252 130
260 65
261 65
264 65
265 65
266 65
267 65
268 65
269 65
300 1
301 1
302 1
303 1
304 1
306 1
307 1
308 1
309 1
310 1
311 1
312 1
313 1
316 1
317 1
318 1
324 1
325 1
326 2
330 1
331 1
334 1
335 1
336 1
338 1
339 1
340 1
344 1
345 1
346 1
347 1
348 1
349 1
424 1
425 1
426 1
427 1
428 1
430 1
431 1
432 1
433 1
434 1
435 1
436 1
661 1
662 1
663 1
664 1
665 1
667 1
668 1
669 1
670 1
671 1
672 1
673 1
674 1
678 1
679 1
680 1
686 1
687 1
688 2
692 1
693 1
696 1
697 1
698 1
700 1
701 1
702 1
706 1
707 1
708 1
709 1
710 1
711 1
780 5
781 5
782 5
783 5
784 5
786 5
787 5
788 5
789 5
790 5
791 5
792 5
793 4
797 4
798 4
799 4
805 4
806 4
807 8
811 4
812 4
815 4
816 4
817 4
819 4
820 4
821 4
825 4
826 4
827 4
828 4
829 4
830 4
899 5
900 5
901 5
902 5
903 5
905 5
906 5
907 5
908 5
909 5
910 5
911 5
912 4
916 4
917 4
918 4
924 4
925 4
926 8
930 4
931 4
934 4
935 4
936 4
938 4
939 4
940 4
944 4
945 4
946 4
947 4
948 4
949 4
1018 3
1019 3
1020 3
1021 3
1022 3
1024 3
1025 3
1026 3
1027 3
1028 3
1029 3
1030 3
1031 3
1035 3
1036 3
1037 3
1043 3
1044 3
1045 6
1049 3
1050 3
1053 3
1054 3
1055 3
1057 3
1058 3
1059 3
1063 3
1064 3
1065 3
1066 3
1067 3
1068 3
1137 19
1138 19
1139 19
1140 19
1141 19
1143 19
1144 19
1145 19
1146 19
1147 19
1148 19
1149 19
1150 10
1154 10
1155 10
1156 10
1162 10
1163 10
1164 20
1168 10
1169 10
1172 10
1173 10
1174 10
1176 10
1177 10
1178 10
1182 10
1183 10
1184 10
1185 10
1186 10
1187 10
1256 21
1257 21
1258 21
1259 21
1260 21
1262 21
1263 21
1264 21
1265 21
1266 21
1267 21
1268 21
1269 14
1273 14
1274 14
1275 14
1281 14
1282 14
1283 28
1287 14
1288 14
1291 14
1292 14
1293 14
1295 14
1296 14
1297 14
1301 14
1302 14
1303 14
1304 14
1305 14
1306 14
1375 29
1376 29
1377 29
1378 29
1379 29
1381 29
1382 29
1383 29
1384 29
1385 29
1386 29
1387 29
1388 25
1392 25
1393 25
1394 25
1400 25
1401 25
1402 50
1406 25
1407 25
1410 25
1411 25
1412 25
1414 25
1415 25
1416 25
1420 25
1421 25
1422 25
1423 25
1424 25
1425 25
1494 23
1495 23
1496 23
1497 23
1498 23
1500 23
1501 23
1502 23
1503 23
1504 23
1505 23
1506 23
1507 21
1511 21
1512 21
1513 21
1519 21
1520 21
1521 42
1525 21
1526 21
1529 21
1530 21
1531 21
1533 21
1534 21
1535 21
1539 21
1540 21
1541 21
1542 21
1543 21
1544 21
1613 14
1614 14
1615 14
1616 14
1617 14
1619 14
1620 14
1621 14
1622 14
1623 14
1624 14
1625 14
1626 6
1630 6
1631 6
1632 6
1638 6
1639 6
1640 12
1644 6
1645 6
1648 6
1649 6
1650 6
1652 6
1653 6
1654 6
1658 6
1659 6
1660 6
1661 6
1662 6
1663 6
1670 2
1671 2
1673 2
1674 2
1676 2
1677 2
1678 2
1680 2
1681 2
1682 2
1686 2
1687 2
1688 2
1689 2
1690 2
1691 2
1732 15
1733 15
1734 15
1735 15
1736 15
1738 15
1739 15
1740 15
1741 15
1742 15
1743 15
1744 15
1745 10
1749 10
1750 10
1751 10
1757 10
1758 10
1759 20
1763 10
1764 10
1767 10
1768 10
1769 10
1771 10
1772 10
1773 10
1777 10
1778 10
1779 10
1780 10
1781 10
1782 10
1851 9
1852 9
1853 9
1854 9
1855 9
1857 9
1858 9
1859 9
1860 9
1861 9
1862 9
1863 9
1864 4
1868 4
1869 4
1870 4
1876 4
1877 4
1878 8
1882 4
1883 4
1886 4
1887 4
1888 4
1890 4
1891 4
1892 4
1896 4
1897 4
1898 4
1899 4
1900 4
1901 4
1908 1
1909 1
1911 1
1912 1
1914 1
1915 1
1916 1
1918 1
1919 1
1920 1
1924 1
1925 1
1926 1
1927 1
1928 1
1929 1
1970 19
1971 19
1972 19
1973 19
1974 19
1976 19
1977 19
1978 19
1979 19
1980 19
1981 19
1982 19
1984 18
1988 18
1989 18
1990 18
1996 18
1997 18
1999 36
2003 18
2004 18
2007 18
2008 18
2009 18
2011 18
2012 18
2013 18
2017 18
2018 18
2019 18
2020 18
2021 18
2022 18
2093 186
2095 232
2096 232
2097 232
2098 232
2099 198
2104 348
2110 348
2111 348
2119 348
2120 348
fn=strncmp
98 1
125 1
126 1
127 1
128 1
129 1
131 1
132 1
134 1
135 1
156 1
157 1
158 1
159 1
160 1
161 1
162 1
163 1
180 1
181 1
182 1
183 1
184 1
185 1
186 1
2104 1
2107 1
2108 1
2110 1
2111 1
2119 1
2120 1
fl=/usr/src/debug/glibc/glibc/string/../sysdeps/x86_64/multiarch/../multiarch/strlen-sse2.S
fn=strlen
57 17
101 17
102 17
103 17
104 17
105 17
106 17
107 17
109 17
111 17
142 17
143 17
144 17
145 17
146 17
147 8
149 8
153 9
154 9
155 9
156 9
157 9
158 9
159 9
160 9
161 9
162 9
163 9
164 9
169 72
fl=/usr/src/debug/glibc/glibc/string/../sysdeps/x86_64/multiarch/ifunc-avx2.h
fn=memrchr
38 3
40 4
41 2
42 3
46 4
49 3
52 5
fn=rindex
38 3
40 4
41 2
42 3
46 4
49 3
52 5
fn=strchrnul
38 3
40 4
41 2
42 3
46 4
49 3
52 5
fn=strlen
38 9
40 12
41 6
42 9
46 12
49 9
52 15
fn=strnlen
38 6
40 8
41 4
42 6
46 8
49 6
52 10
fl=/usr/src/debug/glibc/glibc/string/../sysdeps/x86_64/multiarch/ifunc-evex.h
fn=memchr
37 3
38 4
39 3
43 2
51 3
54 4
fl=/usr/src/debug/glibc/glibc/string/../sysdeps/x86_64/multiarch/ifunc-memcmp.h
fn=bcmp
34 7
35 2
37 3
41 2
44 3
47 5
fl=/usr/src/debug/glibc/glibc/string/../sysdeps/x86_64/multiarch/ifunc-memmove.h
fn=memcpy@@GLIBC_2.14
56 9
57 6
60 9
61 6
74 6
77 6
85 6
93 6
96 15
fn=memmove
56 6
57 4
60 6
61 4
74 4
77 4
85 4
93 4
96 10
fn=mempcpy
56 3
57 2
60 3
61 2
74 2
77 2
85 2
93 2
96 5
fl=/usr/src/debug/glibc/glibc/string/../sysdeps/x86_64/multiarch/ifunc-memset.h
fn=memset
52 2
53 4
61 10
64 6
65 4
80 4
84 8
92 4
100 4
fl=/usr/src/debug/glibc/glibc/string/../sysdeps/x86_64/multiarch/ifunc-sse4_2.h
fn=strcspn
36 5
fn=strpbrk
36 5
fn=strspn
36 5
fl=/usr/src/debug/glibc/glibc/string/../sysdeps/x86_64/multiarch/ifunc-strcasecmp.h
fn=strcasecmp
36 1
37 4
38 3
42 4
45 3
48 4
fn=strcasecmp_l
36 1
37 4
38 3
42 4
45 3
48 4
fn=strncasecmp
36 1
37 4
38 3
42 4
45 3
48 4
fn=strncasecmp_l
36 1
37 4
38 3
42 4
45 3
48 4
fl=/usr/src/debug/glibc/glibc/string/../sysdeps/x86_64/multiarch/ifunc-strcpy.h
fn=stpcpy
38 4
39 3
43 4
46 3
49 3
fn=strcat
38 4
39 3
43 4
46 3
49 3
fn=strcpy
38 4
39 3
43 4
46 3
49 3
fl=/usr/src/debug/glibc/glibc/string/../sysdeps/x86_64/multiarch/ifunc-strncpy.h
fn=stpncpy
35 5
36 3
40 4
43 3
46 5
fn=strncpy
35 5
36 3
40 4
43 3
46 5
fl=/usr/src/debug/glibc/glibc/string/../sysdeps/x86_64/multiarch/memchr-avx2.S
fn=__memchr_avx2
61 3708
68 3708
70 3708
73 3708
74 3708
76 3708
77 3708
78 3708
79 3708
82 3680
83 3680
86 3680
87 3680
89 3642
90 3642
91 413
92 413
94 826
101 38
106 38
113 38
114 38
115 11
116 11
121 976
122 976
123 976
124 1952
128 27
129 27
133 2173
134 2173
135 2173
136 4346
140 2
141 2
142 2
143 4
161 3257
162 3257
163 3257
165 3257
175 3257
176 3257
179 3257
180 3257
182 3151
183 3151
185 2175
186 2175
187 2175
188 2175
190 2
191 2
192 2
193 2
257 106
258 106
261 67
262 67
266 34
267 34
270 19
271 19
272 19
273 19
274 19
275 14
276 14
278 58
310 39
312 39
314 39
315 39
316 39
317 39
318 78
321 5
322 10
338 33
342 33
344 33
345 66
366 33
367 33
368 33
369 33
412 28
415 28
416 28
417 28
420 28
421 28
428 28
431 28
432 28
434 28
435 28
fl=/usr/src/debug/glibc/glibc/string/../sysdeps/x86_64/multiarch/memchr.c
fn=memchr
29 2
fl=/usr/src/debug/glibc/glibc/string/../sysdeps/x86_64/multiarch/memcmp.c
fn=bcmp
29 3
fl=/usr/src/debug/glibc/glibc/string/../sysdeps/x86_64/multiarch/memcpy.c
fn=memcpy@@GLIBC_2.14
29 3
fl=/usr/src/debug/glibc/glibc/string/../sysdeps/x86_64/multiarch/memmove-vec-unaligned-erms.S
fn=???
251 1304
fn=__memcpy_avx_unaligned_erms
255 248371
256 248371
262 267723
263 267723
265 3334
266 3334
267 3334
270 3300
271 3300
272 3300
275 6600
305 264389
306 264389
308 261280
309 261280
311 246602
315 246602
316 215713
317 215713
318 215488
319 215488
320 70968
321 70968
323 215488
325 215713
331 30889
332 30889
333 30889
334 30889
335 30889
342 3109
343 3109
344 3109
345 3109
347 3109
364 14678
365 14678
366 14678
367 14678
368 14678
375 34
376 34
377 34
378 34
379 34
380 34
381 68
386 34
387 34
392 34
393 34
395 34
396 34
397 34
fn=__memcpy_chk_avx_unaligned_erms
249 326
250 326
251 326
fn=__mempcpy_avx_unaligned_erms
242 19352
243 19352
244 19352
245 19352
fn=memcpy
210 19
211 19
217 25
218 25
220 18
221 18
222 18
224 11
225 11
226 11
228 11
308 7
309 7
311 1
315 1
316 1
317 1
318 1
319 1
323 1
325 1
364 6
365 6
366 6
367 6
368 6
375 7
376 7
377 7
378 7
379 7
380 7
381 7
392 7
393 7
395 7
396 7
397 7
fn=mempcpy
197 6
198 6
199 6
200 6
fl=/usr/src/debug/glibc/glibc/string/../sysdeps/x86_64/multiarch/memmove.c
fn=memmove
29 2
fl=/usr/src/debug/glibc/glibc/string/../sysdeps/x86_64/multiarch/mempcpy.c
fn=mempcpy
33 1
fl=/usr/src/debug/glibc/glibc/string/../sysdeps/x86_64/multiarch/memrchr.c
fn=memrchr
29 1
fl=/usr/src/debug/glibc/glibc/string/../sysdeps/x86_64/multiarch/memset-vec-unaligned-erms.S
fn=__memset_avx2_unaligned_erms
198 726
199 1452
204 726
205 726
206 56
207 56
208 56
210 12
211 12
212 24
221 19
222 19
224 38
229 44
230 44
236 29
237 29
249 29
252 29
253 29
265 10
266 10
279 10
280 10
282 10
285 7
288 7
291 21
292 21
293 21
294 21
295 21
296 21
297 28
300 10
301 10
302 10
303 10
306 20
321 15
322 15
323 15
324 15
325 15
326 230135
331 15
333 30
341 670
350 670
351 670
356 646
357 646
358 397
359 397
360 19
361 19
382 24
383 24
384 24
393 249
394 249
399 249
407 378
408 378
413 378
420 19
421 19
422 19
427 19
fl=/usr/src/debug/glibc/glibc/string/../sysdeps/x86_64/multiarch/memset.c
fn=memset
29 4
fl=/usr/src/debug/glibc/glibc/string/../sysdeps/x86_64/multiarch/stpcpy.c
fn=stpcpy
33 2
fl=/usr/src/debug/glibc/glibc/string/../sysdeps/x86_64/multiarch/stpncpy.c
fn=stpncpy
31 1
fn=strcasecmp
31 1
fl=/usr/src/debug/glibc/glibc/string/../sysdeps/x86_64/multiarch/strcasecmp.c
fn=strcasecmp
31 2
fl=/usr/src/debug/glibc/glibc/string/../sysdeps/x86_64/multiarch/strcasecmp_l.c
fn=strcasecmp_l
31 3
fl=/usr/src/debug/glibc/glibc/string/../sysdeps/x86_64/multiarch/strcat.c
fn=strcat
29 2
fl=/usr/src/debug/glibc/glibc/string/../sysdeps/x86_64/multiarch/strchr-avx2.S
fn=__strchr_avx2
53 5
55 5
56 5
57 5
58 5
59 5
62 5
63 5
67 5
68 5
69 5
70 5
71 5
72 5
73 5
74 5
77 5
85 5
93 5
94 10
fn=__strchrnul_avx2
53 143930
55 143930
56 143930
57 143930
58 143930
59 143930
62 143930
63 143930
67 143930
68 143930
69 143930
70 143930
71 143930
72 143930
73 143930
74 143930
87 143930
89 287860
fl=/usr/src/debug/glibc/glibc/string/../sysdeps/x86_64/multiarch/strchr.c
fn=index
42 2
43 4
44 3
48 4
51 3
54 3
65 2
fl=/usr/src/debug/glibc/glibc/string/../sysdeps/x86_64/multiarch/strchrnul.c
fn=strchrnul
31 1
fl=/usr/src/debug/glibc/glibc/string/../sysdeps/x86_64/multiarch/strcmp-avx2.S
fn=__strcmp_avx2
206 20
249 20
274 20
275 20
276 20
278 20
279 20
283 20
287 20
289 20
291 20
294 20
303 20
304 20
308 20
318 20
319 20
322 20
326 40
953 20
954 20
fl=/usr/src/debug/glibc/glibc/string/../sysdeps/x86_64/multiarch/strcmp.c
fn=strcmp
47 2
48 8
49 6
53 8
56 6
59 6
79 4
fl=/usr/src/debug/glibc/glibc/string/../sysdeps/x86_64/multiarch/strcpy.c
fn=strcpy
29 2
fl=/usr/src/debug/glibc/glibc/string/../sysdeps/x86_64/multiarch/strcspn.c
fn=strcspn
29 2
fl=/usr/src/debug/glibc/glibc/string/../sysdeps/x86_64/multiarch/strlen-avx2.S
fn=__strlen_avx2
52 7280
65 7280
66 7280
67 7280
70 7280
72 7280
73 7280
76 7280
77 7280
85 7280
86 7280
87 1843
92 3686
118 5343
131 5343
132 5343
133 5343
139 10686
143 94
156 94
157 94
158 94
164 188
221 5437
236 5437
242 5437
243 5437
244 5437
246 94
247 94
248 94
249 94
fl=/usr/src/debug/glibc/glibc/string/../sysdeps/x86_64/multiarch/strlen.c
fn=strlen
29 3
fl=/usr/src/debug/glibc/glibc/string/../sysdeps/x86_64/multiarch/strncase.c
fn=strncasecmp
31 3
fl=/usr/src/debug/glibc/glibc/string/../sysdeps/x86_64/multiarch/strncase_l.c
fn=strncasecmp_l
31 3
fl=/usr/src/debug/glibc/glibc/string/../sysdeps/x86_64/multiarch/strncmp.c
fn=strncmp
43 1
44 4
45 3
49 4
52 3
55 4
67 3
fl=/usr/src/debug/glibc/glibc/string/../sysdeps/x86_64/multiarch/strncpy.c
fn=strncpy
29 1
fl=/usr/src/debug/glibc/glibc/string/../sysdeps/x86_64/multiarch/strnlen.c
fn=strnlen
31 2
fl=/usr/src/debug/glibc/glibc/string/../sysdeps/x86_64/multiarch/strpbrk.c
fn=strpbrk
29 2
fl=/usr/src/debug/glibc/glibc/string/../sysdeps/x86_64/multiarch/strrchr-avx2.S
fn=__strrchr_avx2
53 1
54 1
55 1
57 1
58 1
62 1
63 1
64 1
67 1
69 1
70 1
71 1
72 1
75 1
76 1
78 1
79 1
80 1
81 1
82 1
91 2
fl=/usr/src/debug/glibc/glibc/string/../sysdeps/x86_64/multiarch/strrchr.c
fn=rindex
28 1
fl=/usr/src/debug/glibc/glibc/string/../sysdeps/x86_64/multiarch/strspn.c
fn=strspn
29 2
fl=/usr/src/debug/glibc/glibc/string/strdup.c
fn=strdup
40 1794
41 598
42 592
44 598
47 12
48 897
fl=/usr/src/debug/glibc/glibc/time/../sysdeps/unix/sysv/linux/clock.c
fn=clock
25 8
31 14
34 2
35 14
36 10
fl=/usr/src/debug/glibc/glibc/time/../sysdeps/unix/sysv/linux/clock_gettime.c
fn=clock_gettime@@GLIBC_2.17
30 2
38 4
40 4
44 4
68 4
69 4
fl=/usr/src/debug/glibc/glibc/wcsmbs/../sysdeps/x86_64/multiarch/ifunc-avx2.h
fn=wcschr
38 6
40 8
41 4
42 6
46 8
49 6
52 10
fn=wcscmp
38 3
40 4
41 2
42 3
46 4
49 3
52 5
fl=/usr/src/debug/glibc/glibc/wcsmbs/../sysdeps/x86_64/multiarch/ifunc-evex.h
fn=wmemchr
37 6
38 8
39 6
43 4
51 6
54 8
fl=/usr/src/debug/glibc/glibc/wcsmbs/../sysdeps/x86_64/multiarch/ifunc-memcmp.h
fn=wmemcmp
34 7
35 2
37 3
41 2
44 3
47 5
fl=/usr/src/debug/glibc/glibc/wcsmbs/../sysdeps/x86_64/multiarch/ifunc-wcs.h
fn=wcpncpy
39 2
40 4
41 3
45 2
48 4
fn=wcscat
39 2
40 4
41 3
45 2
48 4
fn=wcsncpy
39 2
40 4
41 3
45 2
48 4
fl=/usr/src/debug/glibc/glibc/wcsmbs/../sysdeps/x86_64/multiarch/ifunc-wcslen.h
fn=wcslen
40 1
41 4
42 3
46 4
49 3
52 3
fn=wcsnlen
40 1
41 4
42 3
46 4
49 3
52 3
fl=/usr/src/debug/glibc/glibc/wcsmbs/../sysdeps/x86_64/multiarch/ifunc-wmemset.h
fn=wmemset
36 10
37 6
fl=/usr/src/debug/glibc/glibc/wcsmbs/../sysdeps/x86_64/multiarch/wcpncpy.c
fn=wcpncpy
31 3
fl=/usr/src/debug/glibc/glibc/wcsmbs/../sysdeps/x86_64/multiarch/wcscat.c
fn=wcscat
31 3
fl=/usr/src/debug/glibc/glibc/wcsmbs/../sysdeps/x86_64/multiarch/wcschr.c
fn=wcschr
31 2
fl=/usr/src/debug/glibc/glibc/wcsmbs/../sysdeps/x86_64/multiarch/wcscmp.c
fn=wcscmp
30 1
fl=/usr/src/debug/glibc/glibc/wcsmbs/../sysdeps/x86_64/multiarch/wcscpy.c
fn=wcscpy
42 2
43 4
44 3
47 3
50 3
60 2
fl=/usr/src/debug/glibc/glibc/wcsmbs/../sysdeps/x86_64/multiarch/wcslen.c
fn=wcslen
29 2
fl=/usr/src/debug/glibc/glibc/wcsmbs/../sysdeps/x86_64/multiarch/wcsncpy.c
fn=wcsncpy
31 3
fl=/usr/src/debug/glibc/glibc/wcsmbs/../sysdeps/x86_64/multiarch/wcsnlen.c
fn=wcsnlen
30 2
fl=/usr/src/debug/glibc/glibc/wcsmbs/../sysdeps/x86_64/multiarch/wmemchr.c
fn=wmemchr
31 4
fl=/usr/src/debug/glibc/glibc/wcsmbs/../sysdeps/x86_64/multiarch/wmemcmp.c
fn=wmemcmp
29 3
fl=/usr/src/debug/glibc/glibc/wcsmbs/../sysdeps/x86_64/multiarch/wmemset.c
fn=wmemset
31 4
fl=???
fn=(below main)
0 12
fn=???
0 381819
fn=btree_destroy
0 32
fn=release_registered_frames
0 10
summary: 69403940
